lat	long	height	material	screen
-16.924167	145.767126	0	0	0
-16.924067	145.767042	0	0	0
-16.917999	145.760105	0	0	0
-16.929231	145.768673	0	0	0
-16.929224	145.769005	0	0	0
-16.929082	145.768885	0	0	0
-16.928941	145.768765	0	0	0
-16.928880	145.770185	0	0	0
-16.928856	145.769762	0	0	0
-16.928800	145.768645	0	0	0
-16.928658	145.768525	0	0	0
-16.928596	145.769535	0	0	0
-16.928329	145.769300	0	0	0
-16.928227	145.770531	0	0	0
-16.928206	145.769194	0	0	0
-16.927981	145.769000	0	0	0
-16.927930	145.770443	0	0	0
-16.927786	145.770421	0	0	0
-16.927772	145.769128	0	0	0
-16.927728	145.770494	0	0	0
-16.927664	145.770562	0	0	0
-16.927654	145.771430	0	0	0
-16.927595	145.771505	0	0	0
-16.927548	145.770709	0	0	0
-16.927513	145.768785	0	0	0
-16.927449	145.769830	0	0	0
-16.927398	145.768932	0	0	0
-16.927315	145.770066	0	0	0
-16.927259	145.771077	0	0	0
-16.927143	145.771224	0	0	0
-16.927085	145.771297	0	0	0
-16.926692	145.770859	0	0	0
-16.926682	145.768928	0	0	0
-16.926396	145.770200	0	0	0
-16.926284	145.765986	0	0	0
-16.926274	145.769407	0	0	0
-16.926228	145.766057	0	0	0
-16.926190	145.767158	0	0	0
-16.926155	145.766113	0	0	0
-16.926104	145.768803	0	0	0
-16.926089	145.769710	0	0	0
-16.926074	145.767305	0	0	0
-16.926042	145.768629	0	0	0
-16.925923	145.766137	0	0	0
-16.925923	145.766137	0	0	0
-16.925913	145.769882	0	0	0
-16.925819	145.768762	0	0	0
-16.925819	145.768762	0	0	0
-16.925808	145.766283	0	0	0
-16.925808	145.766283	0	0	0
-16.925808	145.766283	0	0	0
-16.925808	145.766283	0	0	0
-16.925808	145.766283	0	0	0
-16.925743	145.768860	0	0	0
-16.925743	145.768860	0	0	0
-16.925743	145.768860	0	0	0
-16.925743	145.768860	0	0	0
-16.925743	145.768860	0	0	0
-16.925709	145.769757	0	0	0
-16.925693	145.766429	0	0	0
-16.925665	145.768958	0	0	0
-16.925651	145.769858	0	0	0
-16.925636	145.766502	0	0	0
-16.925636	145.766502	0	0	0
-16.925597	145.767057	0	0	0
-16.925588	145.769056	0	0	0
-16.925570	145.769951	0	0	0
-16.925534	145.767697	0	0	0
-16.925526	145.766996	0	0	0
-16.925488	145.764892	0	0	0
-16.925488	145.764892	0	0	0
-16.925480	145.770093	0	0	0
-16.925434	145.769251	0	0	0
-16.925425	145.765511	0	0	0
-16.925414	145.768348	0	0	0
-16.925361	145.765592	0	0	0
-16.925356	145.769349	0	0	0
-16.925356	145.769349	0	0	0
-16.925286	145.765688	0	0	0
-16.925279	145.769447	0	0	0
-16.925277	145.768430	0	0	0
-16.925246	145.769978	0	0	0
-16.925214	145.765563	0	0	0
-16.925202	145.769545	0	0	0
-16.925200	145.765797	0	0	0
-16.925164	145.769906	0	0	0
-16.925145	145.765866	0	0	0
-16.925144	145.765503	0	0	0
-16.925119	145.769801	0	0	0
-16.925046	145.769742	0	0	0
-16.925038	145.770151	0	0	0
-16.925016	145.767605	0	0	0
-16.925013	145.768548	0	0	0
-16.924975	145.766083	0	0	0
-16.924955	145.768620	0	0	0
-16.924891	145.768704	0	0	0
-16.924817	145.768796	0	0	0
-16.924817	145.768796	0	0	0
-16.924745	145.768887	0	0	0
-16.924745	145.768887	0	0	0
-16.924672	145.768979	0	0	0
-16.924666	145.768048	0	0	0
-16.924510	145.765787	0	0	0
-16.924499	145.768263	0	0	0
-16.924497	145.767568	0	0	0
-16.924451	145.761644	0	0	0
-16.924449	145.766223	0	0	0
-16.924398	145.767479	0	0	0
-16.924374	145.764065	0	0	0
-16.923950	145.763907	0	0	0
-16.923872	145.763840	0	0	0
-16.923872	145.763840	0	0	0
-16.923872	145.763840	0	0	0
-16.923872	145.763840	0	0	0
-16.923854	145.765759	0	0	0
-16.923705	145.761899	0	0	0
-16.923608	145.762713	0	0	0
-16.923500	145.762621	0	0	0
-16.923488	145.761715	0	0	0
-16.923488	145.761715	0	0	0
-16.923365	145.763064	0	0	0
-16.923314	145.764350	0	0	0
-16.923303	145.763974	0	0	0
-16.923282	145.762437	0	0	0
-16.923282	145.762437	0	0	0
-16.923271	145.761532	0	0	0
-16.923187	145.764120	0	0	0
-16.923174	145.762345	0	0	0
-16.923174	145.762345	0	0	0
-16.923162	145.761440	0	0	0
-16.923151	145.766256	0	0	0
-16.923065	145.762253	0	0	0
-16.923053	145.761348	0	0	0
-16.923053	145.761348	0	0	0
-16.923053	145.761348	0	0	0
-16.923053	145.761348	0	0	0
-16.922951	145.766337	0	0	0
-16.922951	145.766337	0	0	0
-16.922951	145.766337	0	0	0
-16.922951	145.766337	0	0	0
-16.922951	145.766337	0	0	0
-16.922951	145.766337	0	0	0
-16.922949	145.763053	0	0	0
-16.922944	145.761256	0	0	0
-16.922930	145.764992	0	0	0
-16.922853	145.763174	0	0	0
-16.922848	145.762069	0	0	0
-16.922843	145.764917	0	0	0
-16.922835	145.761164	0	0	0
-16.922756	145.764843	0	0	0
-16.922739	145.761977	0	0	0
-16.922728	145.761073	0	0	0
-16.922686	145.762949	0	0	0
-16.922648	145.764360	0	0	0
-16.922648	145.761576	0	0	0
-16.922648	145.761576	0	0	0
-16.922631	145.761885	0	0	0
-16.922558	145.765897	0	0	0
-16.922558	145.763558	0	0	0
-16.922502	145.763629	0	0	0
-16.922441	145.763602	0	0	0
-16.922425	145.763620	0	0	0
-16.922416	145.762923	0	0	0
-16.922413	145.761701	0	0	0
-16.922404	145.766093	0	0	0
-16.922392	145.763767	0	0	0
-16.922319	145.762515	0	0	0
-16.922276	145.763700	0	0	0
-16.922233	145.762441	0	0	0
-16.922206	145.763640	0	0	0
-16.922138	145.764318	0	0	0
-16.922136	145.763581	0	0	0
-16.922091	145.763304	0	0	0
-16.922067	145.764258	0	0	0
-16.921925	145.763400	0	0	0
-16.921925	145.763400	0	0	0
-16.921854	145.763340	0	0	0
-16.921854	145.763340	0	0	0
-16.921841	145.766014	0	0	0
-16.921776	145.765959	0	0	0
-16.921776	145.765959	0	0	0
-16.921713	145.763220	0	0	0
-16.921682	145.762580	0	0	0
-16.921642	145.763160	0	0	0
-16.921642	145.763160	0	0	0
-16.921633	145.760957	0	0	0
-16.921572	145.763099	0	0	0
-16.921527	145.760868	0	0	0
-16.921505	145.763778	0	0	0
-16.921389	145.762807	0	0	0
-16.921364	145.763658	0	0	0
-16.921294	145.763598	0	0	0
-16.921273	145.762954	0	0	0
-16.921092	145.766905	0	0	0
-16.921079	145.764615	0	0	0
-16.920986	145.760408	0	0	0
-16.920943	145.763299	0	0	0
-16.920869	145.760310	0	0	0
-16.920751	145.762207	0	0	0
-16.920641	145.764398	0	0	0
-16.920609	145.765957	0	0	0
-16.920553	145.762964	0	0	0
-16.920500	145.764277	0	0	0
-16.920481	145.761622	0	0	0
-16.920415	145.766119	0	0	0
-16.920409	145.761561	0	0	0
-16.920409	145.761561	0	0	0
-16.920409	145.761561	0	0	0
-16.920409	145.761561	0	0	0
-16.920409	145.761561	0	0	0
-16.920409	145.761561	0	0	0
-16.920409	145.761561	0	0	0
-16.920409	145.761561	0	0	0
-16.920409	145.761561	0	0	0
-16.920409	145.761561	0	0	0
-16.920409	145.761561	0	0	0
-16.920409	145.761561	0	0	0
-16.920409	145.761561	0	0	0
-16.920409	145.761561	0	0	0
-16.920409	145.761561	0	0	0
-16.920409	145.761561	0	0	0
-16.920409	145.761561	0	0	0
-16.920409	145.761561	0	0	0
-16.920409	145.761561	0	0	0
-16.920409	145.761561	0	0	0
-16.920409	145.761561	0	0	0
-16.920409	145.761561	0	0	0
-16.920409	145.761561	0	0	0
-16.920409	145.761561	0	0	0
-16.920409	145.761561	0	0	0
-16.920409	145.761561	0	0	0
-16.920409	145.761561	0	0	0
-16.920409	145.761561	0	0	0
-16.920409	145.761561	0	0	0
-16.920409	145.761561	0	0	0
-16.920409	145.761561	0	0	0
-16.920409	145.761561	0	0	0
-16.920409	145.761561	0	0	0
-16.920409	145.761561	0	0	0
-16.920409	145.761561	0	0	0
-16.920409	145.761561	0	0	0
-16.920409	145.761561	0	0	0
-16.920407	145.762841	0	0	0
-16.920407	145.766042	0	0	0
-16.920361	145.766186	0	0	0
-16.920337	145.765983	0	0	0
-16.920329	145.761197	0	0	0
-16.920303	145.766259	0	0	0
-16.920270	145.761442	0	0	0
-16.920260	145.761139	0	0	0
-16.920236	145.765761	0	0	0
-16.920177	145.764345	0	0	0
-16.920123	145.762599	0	0	0
-16.920051	145.761255	0	0	0
-16.920032	145.764527	0	0	0
-16.920023	145.765580	0	0	0
-16.919912	145.763257	0	0	0
-16.919874	145.762387	0	0	0
-16.919874	145.762387	0	0	0
-16.919831	145.765546	0	0	0
-16.919829	145.763065	0	0	0
-16.919808	145.763730	0	0	0
-16.919802	145.762327	0	0	0
-16.919768	145.765493	0	0	0
-16.919731	145.762266	0	0	0
-16.919731	145.762266	0	0	0
-16.919693	145.761997	0	0	0
-16.919675	145.763517	0	0	0
-16.919531	145.764043	0	0	0
-16.919518	145.762085	0	0	0
-16.919518	145.762085	0	0	0
-16.919489	145.763457	0	0	0
-16.919460	145.759901	0	0	0
-16.919460	145.759901	0	0	0
-16.919460	145.763982	0	0	0
-16.919432	145.763530	0	0	0
-16.919432	145.763530	0	0	0
-16.919411	145.761994	0	0	0
-16.919403	145.759973	0	0	0
-16.919374	145.763604	0	0	0
-16.919374	145.763604	0	0	0
-16.919346	145.760045	0	0	0
-16.919346	145.760045	0	0	0
-16.919289	145.760117	0	0	0
-16.919289	145.760117	0	0	0
-16.919232	145.760189	0	0	0
-16.919212	145.763045	0	0	0
-16.919175	145.760260	0	0	0
-16.919175	145.760260	0	0	0
-16.919118	145.760332	0	0	0
-16.919118	145.760332	0	0	0
-16.919104	145.763679	0	0	0
-16.919061	145.760404	0	0	0
-16.919061	145.760404	0	0	0
-16.919004	145.760476	0	0	0
-16.919004	145.760476	0	0	0
-16.918947	145.760548	0	0	0
-16.918889	145.760621	0	0	0
-16.918889	145.760621	0	0	0
-16.918857	145.762743	0	0	0
-16.918851	145.762927	0	0	0
-16.918831	145.760694	0	0	0
-16.918829	145.759384	0	0	0
-16.918809	145.761582	0	0	0
-16.918791	145.762686	0	0	0
-16.918790	145.763005	0	0	0
-16.918773	145.760767	0	0	0
-16.918764	145.759465	0	0	0
-16.918755	145.761431	0	0	0
-16.918755	145.761431	0	0	0
-16.918754	145.762526	0	0	0
-16.918730	145.763082	0	0	0
-16.918708	145.759536	0	0	0
-16.918684	145.761370	0	0	0
-16.918656	145.760914	0	0	0
-16.918598	145.760988	0	0	0
-16.918596	145.759677	0	0	0
-16.918536	145.759752	0	0	0
-16.918471	145.761188	0	0	0
-16.918286	145.759743	0	0	0
-16.918229	145.759815	0	0	0
-16.918114	145.759959	0	0	0
-16.918076	145.762045	0	0	0
-16.918057	145.760032	0	0	0
-16.918057	145.760032	0	0	0
-16.917999	145.760105	0	0	0
-16.917883	145.760252	0	0	0
-16.917870	145.758799	0	0	0
-16.917852	145.760656	0	0	0
-16.917825	145.760325	0	0	0
-16.917825	145.760325	0	0	0
-16.917562	145.758880	0	0	0
-16.917297	145.763297	0	0	0
-16.917288	145.761942	0	0	0
-16.917247	145.760966	0	0	0
-16.917172	145.761061	0	0	0
-16.917134	145.761716	0	0	0
-16.917130	145.763242	0	0	0
-16.917092	145.761177	0	0	0
-16.917084	145.761642	0	0	0
-16.917036	145.759104	0	0	0
-16.917021	145.763150	0	0	0
-16.916982	145.761492	0	0	0
-16.916982	145.761492	0	0	0
-16.916972	145.758942	0	0	0
-16.916921	145.759720	0	0	0
-16.916906	145.763051	0	0	0
-16.916734	145.758194	0	0	0
-16.916682	145.759769	0	0	0
-16.916661	145.759637	0	0	0
-16.916614	145.758562	0	0	0
-16.916479	145.757619	0	0	0
-16.916465	145.758453	0	0	0
-16.916409	145.757723	0	0	0
-16.916339	145.757825	0	0	0
-16.916319	145.758346	0	0	0
-16.916299	145.759021	0	0	0
-16.916178	145.759167	0	0	0
-16.916176	145.759198	0	0	0
-16.916169	145.758235	0	0	0
-16.916139	145.758447	0	0	0
-16.915945	145.761543	0	0	0
-16.915846	145.761400	0	0	0
-16.915766	145.757093	0	0	0
-16.915720	145.759055	0	0	0
-16.915637	145.761033	0	0	0
-16.915500	145.760792	0	0	0
-16.915429	145.760667	0	0	0
-16.915073	145.758219	0	0	0
-16.915010	145.759933	0	0	0
-16.914828	145.757727	0	0	0
-16.914546	145.763129	0	0	0
-16.914435	145.763291	0	0	0
-16.914074	145.756446	0	0	0
-16.914012	145.756105	0	0	0
-16.913843	145.756119	0	0	0
-16.913720	145.755769	0	0	0
-16.913316	145.755796	0	0	0
-16.915889	145.754594	0	0	0
-16.918933	145.767393	0	0	0
-16.918829	145.767303	0	0	0
-16.911375	145.761299	0	0	0
-16.914514	145.763062	0	0	0
-16.914322	145.763061	0	0	0
-16.912613	145.761632	0	0	0
-16.912455	145.761517	0	0	0
-16.912379	145.761462	0	0	0
-16.912215	145.761342	0	0	0
-16.912145	145.761291	0	0	0
-16.912043	145.761217	0	0	0
-16.911964	145.761159	0	0	0
-16.911585	145.760991	0	0	0
-16.913791	145.753938	0	0	0
-16.914408	145.754395	0	0	0
-16.914520	145.754478	0	0	0
-16.914978	145.754817	0	0	0
-16.915606	145.754354	0	0	0
-16.916028	145.754708	0	0	0
-16.915705	145.755480	0	0	0
-16.915565	145.755252	0	0	0
-16.912811	145.761464	0	0	0
-16.912465	145.761898	0	0	0
-16.917033	145.756048	0	0	0
-16.917125	145.755913	0	0	0
-16.917222	145.755768	0	0	0
-16.917304	145.755646	0	0	0
-16.916651	145.754664	0	0	0
-16.918307	145.765131	0	0	0
-16.918470	145.765039	0	0	0
-16.917961	145.764941	0	0	0
-16.918089	145.764986	0	0	0
-16.917839	145.764867	0	0	0
-16.917701	145.764782	0	0	0
-16.915923	145.763286	0	0	0
-16.915565	145.762996	0	0	0
-16.915606	145.754354	0	0	0
-16.913972	145.762911	0	0	0
-16.913160	145.762622	0	0	0
-16.914061	145.762789	0	0	0
-16.913534	145.762739	0	0	0
-16.926129	145.761982	0	0	0
-16.912188	145.756111	0	0	0
-16.912321	145.755917	0	0	0
-16.912259	145.756007	0	0	0
-16.910924	145.758765	0	0	0
-16.911003	145.758974	0	0	0
-16.910924	145.758765	0	0	0
-16.911706	145.759586	0	0	0
-16.911562	145.759469	0	0	0
-16.910457	145.758466	0	0	0
-16.913070	145.756973	0	0	0
-16.912849	145.756940	0	0	0
-16.912767	145.756863	0	0	0
-16.912345	145.756454	0	0	0
-16.910456	145.755899	0	0	0
-16.910262	145.755855	0	0	0
-16.921824	145.767653	0	0	0
-16.921882	145.767579	0	0	0
-16.922951	145.766337	0	0	0
-16.922558	145.765897	0	0	0
-16.918757	145.767244	0	0	0
-16.911177	145.761312	0	0	0
-16.919489	145.767729	0	0	0
-16.919500	145.767416	0	0	0
-16.919555	145.767346	0	0	0
-16.924510	145.765787	0	0	0
-16.915482	145.757387	0	0	0
-16.915420	145.757342	0	0	0
-16.915149	145.756998	0	0	0
-16.914822	145.757391	0	0	0
-16.914888	145.757301	0	0	0
-16.914314	145.756663	0	0	0
-16.914953	145.757206	0	0	0
-16.914390	145.756551	0	0	0
-16.914455	145.756456	0	0	0
-16.914455	145.756456	0	0	0
-16.915249	145.757162	0	0	0
-16.915016	145.756787	0	0	0
-16.916254	145.767453	0	0	0
-16.912935	145.765064	0	0	0
-16.921854	145.771609	0	0	0
-16.912991	145.757241	0	0	0
-16.913057	145.757148	0	0	0
-16.913202	145.756840	0	0	0
-16.918757	145.767244	0	0	0
-16.918405	145.766943	0	0	0
-16.920570	145.764337	1	0	0
-16.927852	145.768432	1	0	0
-16.927432	145.770856	1	0	0
-16.927261	145.770135	1	0	0
-16.927152	145.770274	1	0	0
-16.926746	145.770791	1	0	0
-16.926498	145.769197	1	0	0
-16.926448	145.770109	1	0	0
-16.925844	145.768583	1	0	0
-16.925645	145.765605	1	0	0
-16.925511	145.769153	1	0	0
-16.924901	145.767751	1	0	0
-16.924649	145.767822	1	0	0
-16.923923	145.762082	1	0	0
-16.923705	145.761899	1	0	0
-16.922969	145.762873	1	0	0
-16.922956	145.762161	1	0	0
-16.922944	145.761256	1	0	0
-16.922639	145.762787	1	0	0
-16.922569	145.762727	1	0	0
-16.921501	145.763039	1	0	0
-16.921420	145.760777	1	0	0
-16.921160	145.762025	1	0	0
-16.921154	145.763479	1	0	0
-16.921013	145.763359	1	0	0
-16.920473	145.764938	1	0	0
-16.920269	145.765924	1	0	0
-16.919802	145.762327	1	0	0
-16.919389	145.763921	1	0	0
-16.918715	145.760841	1	0	0
-16.918530	145.759419	1	0	0
-16.918522	145.759221	1	0	0
-16.917402	145.758687	1	0	0
-16.916990	145.758260	1	0	0
-16.916542	145.762615	1	0	0
-16.916444	145.759709	1	0	0
-16.916299	145.759021	1	0	0
-16.915182	145.754997	1	0	0
-16.914661	145.757535	1	0	0
-16.914578	145.757439	1	0	0
-16.914394	145.757142	1	0	0
-16.915341	145.757284	1	0	0
-16.914174	145.762953	1	0	0
-16.914670	145.754589	1	0	0
-16.915260	145.755026	1	0	0
-16.915427	145.755149	1	0	0
-16.915747	145.754474	1	0	0
-16.916533	145.754811	1	0	0
-16.916319	145.755083	1	0	0
-16.918205	145.765064	1	0	0
-16.916162	145.763478	1	0	0
-16.916042	145.763382	1	0	0
-16.915803	145.763189	1	0	0
-16.914521	145.756358	1	0	0
-16.914591	145.756256	1	0	0
-16.918933	145.767393	1	0	0
-16.919580	145.764206	1	0	0
-16.917288	145.761942	1	0	0
-16.920588	145.761713	0	1	0
-16.927490	145.770783	0	1	0
-16.927201	145.771150	0	1	0
-16.926982	145.770490	0	1	0
-16.926982	145.770490	0	1	0
-16.926169	145.766133	0	1	0
-16.926011	145.765917	0	1	0
-16.925989	145.769820	0	1	0
-16.925937	145.765854	0	1	0
-16.925866	145.767493	0	1	0
-16.925865	145.766210	0	1	0
-16.925865	145.766210	0	1	0
-16.925844	145.768583	0	1	0
-16.925773	145.769380	0	1	0
-16.925750	145.766356	0	1	0
-16.925578	145.766575	0	1	0
-16.925568	145.765539	0	1	0
-16.925434	145.769251	0	1	0
-16.925298	145.768007	0	1	0
-16.925279	145.769447	0	1	0
-16.925144	145.765503	0	1	0
-16.925128	145.768402	0	1	0
-16.925071	145.768475	0	1	0
-16.925013	145.768548	0	1	0
-16.924891	145.768704	0	1	0
-16.924615	145.768111	0	1	0
-16.924551	145.768197	0	1	0
-16.923391	145.762529	0	1	0
-16.923162	145.761440	0	1	0
-16.923065	145.762253	0	1	0
-16.922522	145.761793	0	1	0
-16.922357	145.762792	0	1	0
-16.922308	145.763878	0	1	0
-16.921952	145.761225	0	1	0
-16.921882	145.767579	0	1	0
-16.921431	145.762979	0	1	0
-16.921224	145.763539	0	1	0
-16.921096	145.767331	0	1	0
-16.920754	145.760211	0	1	0
-16.920265	145.762720	0	1	0
-16.920265	145.762720	0	1	0
-16.920265	145.762720	0	1	0
-16.920265	145.762720	0	1	0
-16.920195	145.764544	0	1	0
-16.919980	145.762478	0	1	0
-16.919978	145.764889	0	1	0
-16.919978	145.764889	0	1	0
-16.919978	145.764889	0	1	0
-16.919978	145.764889	0	1	0
-16.919978	145.764889	0	1	0
-16.919978	145.764889	0	1	0
-16.919875	145.761106	0	1	0
-16.919247	145.763800	0	1	0
-16.919103	145.758735	0	1	0
-16.918905	145.762858	0	1	0
-16.918542	145.761248	0	1	0
-16.918343	145.759671	0	1	0
-16.918114	145.759959	0	1	0
-16.917870	145.758799	0	1	0
-16.917495	145.759329	0	1	0
-16.917084	145.761642	0	1	0
-16.917033	145.761567	0	1	0
-16.916682	145.759769	0	1	0
-16.916656	145.759402	0	1	0
-16.916631	145.762771	0	1	0
-16.916472	145.762493	0	1	0
-16.916404	145.762373	0	1	0
-16.915869	145.759165	0	1	0
-16.915796	145.758536	0	1	0
-16.915795	145.759110	0	1	0
-16.915791	145.758707	0	1	0
-16.915771	145.761269	0	1	0
-16.915741	145.758782	0	1	0
-16.915569	145.760914	0	1	0
-16.915364	145.760554	0	1	0
-16.915082	145.760058	0	1	0
-16.914947	145.759821	0	1	0
-16.914342	145.756984	0	1	0
-16.913926	145.759843	0	1	0
-16.913751	145.755969	0	1	0
-16.912298	145.761402	0	1	0
-16.913940	145.754049	0	1	0
-16.914593	145.753496	0	1	0
-16.912931	145.757017	0	1	0
-16.924345	145.766639	1	1	0
-16.928336	145.769607	0	1	0
-16.928333	145.767277	0	1	0
-16.928240	145.770512	0	1	0
-16.928124	145.769427	0	1	0
-16.927998	145.770995	0	1	0
-16.926152	145.769571	0	1	0
-16.925866	145.767493	0	1	0
-16.925497	145.765479	0	1	0
-16.925077	145.770185	0	1	0
-16.924708	145.766505	0	1	0
-16.924708	145.766505	0	1	0
-16.924672	145.768979	0	1	0
-16.924672	145.768979	0	1	0
-16.923674	145.763672	0	1	0
-16.923674	145.763672	0	1	0
-16.923674	145.763672	0	1	0
-16.923674	145.763672	0	1	0
-16.923674	145.763672	0	1	0
-16.923674	145.763672	0	1	0
-16.923674	145.763672	0	1	0
-16.923674	145.763672	0	1	0
-16.923674	145.763672	0	1	0
-16.923674	145.763672	0	1	0
-16.923674	145.763672	0	1	0
-16.923674	145.763672	0	1	0
-16.923674	145.763672	0	1	0
-16.923674	145.763672	0	1	0
-16.923674	145.763672	0	1	0
-16.923674	145.763672	0	1	0
-16.923674	145.763672	0	1	0
-16.923391	145.762529	0	1	0
-16.922305	145.761609	0	1	0
-16.922247	145.766514	0	1	0
-16.922146	145.762367	0	1	0
-16.921805	145.767956	0	1	0
-16.919691	145.763535	0	1	0
-16.919542	145.761678	0	1	0
-16.919539	145.765692	0	1	0
-16.919539	145.765692	0	1	0
-16.919539	145.765692	0	1	0
-16.919539	145.765692	0	1	0
-16.919539	145.765692	0	1	0
-16.919539	145.765692	0	1	0
-16.919539	145.765692	0	1	0
-16.919539	145.765692	0	1	0
-16.919539	145.765692	0	1	0
-16.919539	145.765692	0	1	0
-16.919539	145.765692	0	1	0
-16.919539	145.765692	0	1	0
-16.919539	145.765692	0	1	0
-16.919539	145.765692	0	1	0
-16.919539	145.765692	0	1	0
-16.919539	145.765692	0	1	0
-16.919539	145.765692	0	1	0
-16.919539	145.765692	0	1	0
-16.919539	145.765692	0	1	0
-16.919066	145.765325	0	1	0
-16.918754	145.762526	0	1	0
-16.917963	145.762188	0	1	0
-16.917880	145.764229	0	1	0
-16.917880	145.764229	0	1	0
-16.917880	145.764229	0	1	0
-16.917880	145.764229	0	1	0
-16.917880	145.764229	0	1	0
-16.917880	145.764229	0	1	0
-16.917340	145.762017	0	1	0
-16.917297	145.763297	0	1	0
-16.920265	145.762720	0	1	0
-16.920265	145.762720	0	1	0
-16.916401	145.763672	0	1	0
-16.915160	145.753982	0	1	0
-16.914273	145.762678	0	1	0
-16.917819	145.769629	0	1	0
-16.921536	145.767589	0	1	0
-16.921154	145.767125	0	1	0
-16.921103	145.767190	0	1	0
-16.921940	145.767506	0	1	0
-16.919112	145.767543	0	1	0
-16.919040	145.767485	0	1	0
-16.913890	145.763321	0	1	0
-16.914342	145.756984	0	1	0
-16.918173	145.768897	0	1	0
-16.917903	145.769642	0	1	0
-16.922819	145.773088	0	1	0
-16.915921	145.767170	0	1	0
-16.914822	145.767075	0	1	0
-16.912730	145.765043	0	1	0
-16.921296	145.761707	1	1	0
-16.916614	145.758562	1	1	0
-16.912420	145.756509	1	1	0
-16.929517	145.768917	1	1	0
-16.929499	145.768648	1	1	0
-16.928946	145.768430	1	1	0
-16.928597	145.768167	1	1	0
-16.927885	145.768914	1	1	0
-16.927788	145.768830	1	1	0
-16.927709	145.771361	1	1	0
-16.927374	145.770930	1	1	0
-16.927316	145.769970	1	1	0
-16.927244	145.769908	1	1	0
-16.926971	145.769676	1	1	0
-16.926740	145.771240	1	1	0
-16.926712	145.770185	1	1	0
-16.926685	145.770236	1	1	0
-16.926529	145.771000	1	1	0
-16.926453	145.770517	1	1	0
-16.926336	145.770632	1	1	0
-16.926123	145.766005	1	1	0
-16.926123	145.766005	1	1	0
-16.926123	145.766005	1	1	0
-16.925054	145.765987	1	1	0
-16.924963	145.767672	1	1	0
-16.924515	145.768201	1	1	0
-16.924507	145.769222	1	1	0
-16.924453	145.765860	1	1	0
-16.924239	145.768855	1	1	0
-16.924032	145.762173	1	1	0
-16.923578	145.766909	1	1	0
-16.923182	145.766254	1	1	0
-16.923171	145.762869	1	1	0
-16.923171	145.762869	1	1	0
-16.921909	145.762287	1	1	0
-16.921909	145.762287	1	1	0
-16.921410	145.766504	1	1	0
-16.920236	145.765761	1	1	0
-16.917786	145.759023	1	1	0
-16.915482	145.758995	1	1	0
-16.915073	145.758219	1	1	0
-16.914901	145.759719	1	1	0
-16.914901	145.759719	1	1	0
-16.913271	145.755252	1	1	0
-16.924357	145.774372	1	1	0
-16.921415	145.768490	1	1	0
-16.920778	145.768671	1	1	0
-16.928477	145.769727	0	0	1
-16.928464	145.769421	0	0	1
-16.928460	145.770568	0	0	1
-16.928265	145.769548	0	0	1
-16.928061	145.770475	0	0	1
-16.927776	145.768529	0	0	1
-16.927766	145.770232	0	0	1
-16.927702	145.769068	0	0	1
-16.927606	145.770636	0	0	1
-16.927561	145.768948	0	0	1
-16.927532	145.770031	0	0	1
-16.927409	145.769598	0	0	1
-16.927105	145.769790	0	0	1
-16.927096	145.770346	0	0	1
-16.927096	145.770346	0	0	1
-16.927027	145.771370	0	0	1
-16.926972	145.770409	0	0	1
-16.926903	145.770350	0	0	1
-16.926896	145.769612	0	0	1
-16.926616	145.769033	0	0	1
-16.926553	145.769110	0	0	1
-16.926334	145.769338	0	0	1
-16.925980	145.766064	0	0	1
-16.925753	145.770117	0	0	1
-16.925719	145.765668	0	0	1
-16.925693	145.766429	0	0	1
-16.925684	145.770217	0	0	1
-16.925556	145.768468	0	0	1
-16.925521	145.766648	0	0	1
-16.925490	145.768413	0	0	1
-16.925347	145.768380	0	0	1
-16.924970	145.765202	0	0	1
-16.924854	145.766237	0	0	1
-16.924829	145.764516	0	0	1
-16.924725	145.767973	0	0	1
-16.924496	145.767626	0	0	1
-16.924341	145.764202	0	0	1
-16.924272	145.768235	0	0	1
-16.924222	145.764138	0	0	1
-16.923608	145.762713	0	0	1
-16.923500	145.762621	0	0	1
-16.923388	145.764413	0	0	1
-16.923379	145.761624	0	0	1
-16.923233	145.764280	0	0	1
-16.923061	145.765103	0	0	1
-16.922956	145.762161	0	0	1
-16.922848	145.762069	0	0	1
-16.922848	145.762069	0	0	1
-16.922843	145.766473	0	0	1
-16.922740	145.764625	0	0	1
-16.922739	145.761977	0	0	1
-16.922686	145.762949	0	0	1
-16.922648	145.764360	0	0	1
-16.922632	145.765803	0	0	1
-16.922631	145.761885	0	0	1
-16.922576	145.766704	0	0	1
-16.922453	145.763691	0	0	1
-16.922278	145.764438	0	0	1
-16.922276	145.763700	0	0	1
-16.922200	145.765517	0	0	1
-16.922137	145.767583	0	0	1
-16.922136	145.763581	0	0	1
-16.922116	145.763360	0	0	1
-16.922069	145.765721	0	0	1
-16.922069	145.765721	0	0	1
-16.922069	145.765721	0	0	1
-16.922069	145.765721	0	0	1
-16.922069	145.765721	0	0	1
-16.922069	145.765721	0	0	1
-16.921974	145.766128	0	0	1
-16.921927	145.764138	0	0	1
-16.921843	145.761136	0	0	1
-16.921824	145.767653	0	0	1
-16.921737	145.761046	0	0	1
-16.921713	145.763220	0	0	1
-16.921709	145.764932	0	0	1
-16.921642	145.763160	0	0	1
-16.921636	145.764722	0	0	1
-16.921572	145.763099	0	0	1
-16.921567	145.762726	0	0	1
-16.921540	145.766990	0	0	1
-16.921435	145.763718	0	0	1
-16.921322	145.766613	0	0	1
-16.921322	145.766613	0	0	1
-16.921106	145.765506	0	0	1
-16.921101	145.760506	0	0	1
-16.920924	145.764639	0	0	1
-16.920782	145.764518	0	0	1
-16.920639	145.760111	0	0	1
-16.920601	145.766259	0	0	1
-16.920553	145.762964	0	0	1
-16.920407	145.762841	0	0	1
-16.919981	145.761195	0	0	1
-16.919806	145.764739	0	0	1
-16.919660	145.765544	0	0	1
-16.919504	145.763296	0	0	1
-16.919325	145.758927	0	0	1
-16.919232	145.760189	0	0	1
-16.919175	145.763740	0	0	1
-16.919141	145.762985	0	0	1
-16.919072	145.762926	0	0	1
-16.918947	145.760548	0	0	1
-16.918773	145.760767	0	0	1
-16.918715	145.760841	0	0	1
-16.918656	145.760914	0	0	1
-16.918654	145.759603	0	0	1
-16.918530	145.759419	0	0	1
-16.918343	145.759671	0	0	1
-16.918249	145.759131	0	0	1
-16.918172	145.759887	0	0	1
-16.918135	145.761972	0	0	1
-16.917941	145.760179	0	0	1
-16.917891	145.762765	0	0	1
-16.917883	145.760252	0	0	1
-16.917770	145.762317	0	0	1
-16.917496	145.759021	0	0	1
-16.917475	145.759171	0	0	1
-16.917470	145.762172	0	0	1
-16.917406	145.763386	0	0	1
-16.917406	145.763386	0	0	1
-16.917406	145.763386	0	0	1
-16.917303	145.758781	0	0	1
-16.917239	145.759588	0	0	1
-16.917239	145.759588	0	0	1
-16.917237	145.761867	0	0	1
-16.917223	145.759793	0	0	1
-16.917033	145.761567	0	0	1
-16.916556	145.758150	0	0	1
-16.916508	145.758029	0	0	1
-16.916437	145.757978	0	0	1
-16.916392	145.758399	0	0	1
-16.916204	145.758733	0	0	1
-16.916160	145.759295	0	0	1
-16.916109	145.757096	0	0	1
-16.915942	145.759219	0	0	1
-16.915795	145.759110	0	0	1
-16.915791	145.758707	0	0	1
-16.915770	145.756847	0	0	1
-16.915708	145.761158	0	0	1
-16.915607	145.756727	0	0	1
-16.915486	145.756184	0	0	1
-16.915391	145.762497	0	0	1
-16.915321	145.756061	0	0	1
-16.915208	145.757877	0	0	1
-16.915158	145.758456	0	0	1
-16.915150	145.760178	0	0	1
-16.915133	145.757987	0	0	1
-16.914991	145.755817	0	0	1
-16.914748	145.757635	0	0	1
-16.914490	145.763211	0	0	1
-16.913317	145.762323	0	0	1
-16.915683	145.763093	0	0	1
-16.913811	145.753424	0	0	1
-16.914396	145.763116	0	0	1
-16.911876	145.761095	0	0	1
-16.913919	145.753237	0	0	1
-16.914384	145.753318	0	0	1
-16.914789	145.753659	0	0	1
-16.914901	145.753757	0	0	1
-16.915043	145.753876	0	0	1
-16.915115	145.754918	0	0	1
-16.915465	145.754234	0	0	1
-16.913368	145.762247	0	0	1
-16.913420	145.762171	0	0	1
-16.913523	145.762019	0	0	1
-16.912744	145.761566	0	0	1
-16.912689	145.761650	0	0	1
-16.924028	145.763973	0	0	1
-16.915747	145.754474	0	0	1
-16.914700	145.753578	0	0	1
-16.914593	145.753496	0	0	1
-16.915905	145.766149	0	0	1
-16.911284	145.759227	0	0	1
-16.911146	145.758996	0	0	1
-16.910603	145.758587	0	0	1
-16.912270	145.756398	0	0	1
-16.922632	145.765803	0	0	1
-16.915253	145.757074	0	0	1
-16.915019	145.757111	0	0	1
-16.917319	145.769441	0	0	1
-16.912372	145.763969	0	0	1
-16.912605	145.764134	0	0	1
-16.912716	145.764225	0	0	1
-16.913126	145.757050	0	0	1
-16.917618	145.767563	0	0	1
-16.920366	145.768319	0	0	1
-16.918334	145.766883	0	0	1
-16.918441	145.766521	0	0	1
-16.929062	145.769649	1	0	1
-16.928974	145.769761	1	0	1
-16.925596	145.770323	1	0	1
-16.925511	145.769153	1	0	1
-16.925488	145.764892	1	0	1
-16.925429	145.768118	1	0	1
-16.924718	145.766153	1	0	1
-16.924342	145.761552	1	0	1
-16.923814	145.761990	1	0	1
-16.923814	145.761990	1	0	1
-16.923271	145.761532	1	0	1
-16.923118	145.766075	1	0	1
-16.922728	145.761073	1	0	1
-16.922413	145.761701	1	0	1
-16.922024	145.762143	1	0	1
-16.921344	145.764998	1	0	1
-16.921274	145.764938	1	0	1
-16.921083	145.763419	1	0	1
-16.920855	145.764580	1	0	1
-16.920712	145.764458	1	0	1
-16.919979	145.765414	1	0	1
-16.919403	145.759973	1	0	1
-16.918613	145.761309	1	0	1
-16.917941	145.760179	1	0	1
-16.917330	145.758634	1	0	1
-16.917200	145.760124	1	0	1
-16.917055	145.760031	1	0	1
-16.916674	145.758722	1	0	1
-16.916590	145.758089	1	0	1
-16.916444	145.759709	1	0	1
-16.916111	145.758075	1	0	1
-16.915937	145.756971	1	0	1
-16.915722	145.756237	1	0	1
-16.915356	145.761712	1	0	1
-16.915356	145.761712	1	0	1
-16.915356	145.761712	1	0	1
-16.915356	145.761712	1	0	1
-16.915356	145.761712	1	0	1
-16.915356	145.761712	1	0	1
-16.915356	145.761712	1	0	1
-16.915356	145.761712	1	0	1
-16.915356	145.761712	1	0	1
-16.915356	145.761712	1	0	1
-16.915356	145.761712	1	0	1
-16.915356	145.761712	1	0	1
-16.915356	145.761712	1	0	1
-16.915356	145.761712	1	0	1
-16.915356	145.761712	1	0	1
-16.915356	145.761712	1	0	1
-16.915356	145.761712	1	0	1
-16.915356	145.761712	1	0	1
-16.915356	145.761712	1	0	1
-16.915155	145.755938	1	0	1
-16.915031	145.761536	1	0	1
-16.914284	145.760729	1	0	1
-16.914274	145.756854	1	0	1
-16.913989	145.756348	1	0	1
-16.915324	145.754115	1	0	1
-16.916520	145.763768	1	0	1
-16.916281	145.763576	1	0	1
-16.913738	145.753573	1	0	1
-16.912533	145.761574	1	0	1
-16.914700	145.753578	1	0	1
-16.914822	145.754701	1	0	1
-16.914901	145.753757	1	0	1
-16.911423	145.759348	1	0	1
-16.912582	145.756723	1	0	1
-16.910066	145.755827	1	0	1
-16.922345	145.766168	1	0	1
-16.925301	145.768183	1	0	1
-16.925202	145.769545	1	0	1
-16.919861	145.763160	1	0	1
-16.916251	145.760329	1	0	1
-16.914067	145.753048	1	0	1
-16.916929	145.769112	1	0	1
-16.927036	145.770421	0	1	1
-16.926922	145.770567	0	1	1
-16.926199	145.769486	0	1	1
-16.925463	145.766721	0	1	1
-16.925451	145.768211	0	1	1
-16.924578	145.769282	0	1	1
-16.923596	145.761807	0	1	1
-16.923053	145.761348	0	1	1
-16.922280	145.766249	0	1	1
-16.921716	145.763958	0	1	1
-16.921079	145.764615	0	1	1
-16.920973	145.764750	0	1	1
-16.919117	145.764809	0	1	1
-16.918830	145.764602	0	1	1
-16.918298	145.762635	0	1	1
-16.918056	145.764416	0	1	1
-16.917272	145.762584	0	1	1
-16.916730	145.759884	0	1	1
-16.916007	145.758227	0	1	1
-16.915289	145.760422	0	1	1
-16.915222	145.760304	0	1	1
-16.913457	145.755466	0	1	1
-16.913317	145.762323	0	1	1
-16.913368	145.762247	0	1	1
-16.926806	145.770715	1	1	1
-16.918816	145.759134	1	1	1
-16.915356	145.761712	1	1	1
-16.915356	145.761712	1	1	1
-16.915356	145.761712	1	1	1
-16.915356	145.761712	1	1	1
-16.915356	145.761712	1	1	1
-16.915356	145.761712	1	1	1
-16.915356	145.761712	1	1	1
-16.915356	145.761712	1	1	1
-16.915356	145.761712	1	1	1
-16.915356	145.761712	1	1	1
-16.915356	145.761712	1	1	1
-16.915356	145.761712	1	1	1
-16.915356	145.761712	1	1	1
-16.915356	145.761712	1	1	1
-16.915356	145.761712	1	1	1
-16.915356	145.761712	1	1	1
-16.915356	145.761712	1	1	1
-16.915356	145.761712	1	1	1
-16.915356	145.761712	1	1	1
-16.915356	145.761712	1	1	1
-16.915031	145.761536	1	1	1
-16.915031	145.761536	1	1	1
-16.915031	145.761536	1	1	1
-16.915031	145.761536	1	1	1
-16.915031	145.761536	1	1	1
-16.915031	145.761536	1	1	1
-16.915031	145.761536	1	1	1
-16.915031	145.761536	1	1	1
-16.915031	145.761536	1	1	1
-16.915031	145.761536	1	1	1
-16.915031	145.761536	1	1	1
-16.915031	145.761536	1	1	1
-16.915031	145.761536	1	1	1
-16.915031	145.761536	1	1	1
-16.915031	145.761536	1	1	1
-16.915031	145.761536	1	1	1
-16.915031	145.761536	1	1	1
-16.915031	145.761536	1	1	1
-16.915031	145.761536	1	1	1
-16.929622	145.769343	0	1	1
-16.928970	145.769134	0	1	1
-16.928596	145.768133	0	1	1
-16.928513	145.762929	0	1	1
-16.928375	145.764340	0	1	1
-16.928285	145.770632	0	1	1
-16.928086	145.769091	0	1	1
-16.927984	145.769308	0	1	1
-16.927692	145.768635	0	1	1
-16.927692	145.768635	0	1	1
-16.927692	145.768635	0	1	1
-16.927692	145.768635	0	1	1
-16.926860	145.771408	0	1	1
-16.926854	145.766011	0	1	1
-16.926707	145.769807	0	1	1
-16.926421	145.769268	0	1	1
-16.926337	145.770277	0	1	1
-16.926014	145.770687	0	1	1
-16.925667	145.767117	0	1	1
-16.925521	145.766648	0	1	1
-16.925521	145.766648	0	1	1
-16.925521	145.766648	0	1	1
-16.925521	145.766648	0	1	1
-16.925488	145.764892	0	1	1
-16.925488	145.764892	0	1	1
-16.925488	145.764892	0	1	1
-16.925488	145.764892	0	1	1
-16.925277	145.764517	0	1	1
-16.925277	145.764517	0	1	1
-16.925277	145.764517	0	1	1
-16.925225	145.766945	0	1	1
-16.925073	145.765444	0	1	1
-16.925073	145.765444	0	1	1
-16.924912	145.765275	0	1	1
-16.924884	145.765473	0	1	1
-16.924797	145.766220	0	1	1
-16.924708	145.766505	0	1	1
-16.924708	145.766505	0	1	1
-16.924510	145.767701	0	1	1
-16.924510	145.767701	0	1	1
-16.924470	145.765243	0	1	1
-16.924449	145.766223	0	1	1
-16.924312	145.761361	0	1	1
-16.924312	145.761361	0	1	1
-16.924280	145.766079	0	1	1
-16.924203	145.761269	0	1	1
-16.924203	145.761269	0	1	1
-16.924203	145.761269	0	1	1
-16.924203	145.761269	0	1	1
-16.924127	145.764058	0	1	1
-16.924127	145.764058	0	1	1
-16.924127	145.764058	0	1	1
-16.924127	145.764058	0	1	1
-16.924127	145.764058	0	1	1
-16.924127	145.764058	0	1	1
-16.924042	145.766818	0	1	1
-16.924011	145.764622	0	1	1
-16.923987	145.766061	0	1	1
-16.923965	145.764320	0	1	1
-16.923935	145.764719	0	1	1
-16.923502	145.764677	0	1	1
-16.923502	145.764677	0	1	1
-16.923502	145.764677	0	1	1
-16.923502	145.764677	0	1	1
-16.923502	145.764677	0	1	1
-16.923502	145.764677	0	1	1
-16.923502	145.764677	0	1	1
-16.923502	145.764677	0	1	1
-16.923502	145.764677	0	1	1
-16.923502	145.764677	0	1	1
-16.923502	145.764677	0	1	1
-16.923502	145.764677	0	1	1
-16.923502	145.764677	0	1	1
-16.923502	145.764677	0	1	1
-16.923502	145.764677	0	1	1
-16.923502	145.764677	0	1	1
-16.923502	145.764677	0	1	1
-16.923502	145.764677	0	1	1
-16.923502	145.764677	0	1	1
-16.923502	145.764677	0	1	1
-16.923476	145.760813	0	1	1
-16.923476	145.760813	0	1	1
-16.923476	145.760813	0	1	1
-16.923476	145.760813	0	1	1
-16.923476	145.760813	0	1	1
-16.923476	145.760813	0	1	1
-16.923476	145.760813	0	1	1
-16.923476	145.760813	0	1	1
-16.923476	145.760813	0	1	1
-16.923476	145.760813	0	1	1
-16.923476	145.760813	0	1	1
-16.923476	145.760813	0	1	1
-16.923281	145.760487	0	1	1
-16.923281	145.760487	0	1	1
-16.923281	145.760487	0	1	1
-16.923281	145.760487	0	1	1
-16.923281	145.760487	0	1	1
-16.923281	145.760487	0	1	1
-16.923281	145.760487	0	1	1
-16.923281	145.760487	0	1	1
-16.923281	145.760487	0	1	1
-16.923281	145.760487	0	1	1
-16.923281	145.760487	0	1	1
-16.923281	145.760487	0	1	1
-16.923263	145.765180	0	1	1
-16.923263	145.765180	0	1	1
-16.923263	145.765180	0	1	1
-16.923263	145.765180	0	1	1
-16.923263	145.765180	0	1	1
-16.923263	145.765180	0	1	1
-16.923263	145.765180	0	1	1
-16.923263	145.765180	0	1	1
-16.923263	145.765180	0	1	1
-16.923263	145.765180	0	1	1
-16.923263	145.765180	0	1	1
-16.923263	145.765180	0	1	1
-16.923263	145.765180	0	1	1
-16.923263	145.765180	0	1	1
-16.923233	145.765100	0	1	1
-16.923141	145.764596	0	1	1
-16.923141	145.764596	0	1	1
-16.923141	145.764596	0	1	1
-16.923141	145.764596	0	1	1
-16.923141	145.764596	0	1	1
-16.923141	145.764596	0	1	1
-16.923141	145.764596	0	1	1
-16.923141	145.764596	0	1	1
-16.923141	145.764596	0	1	1
-16.923141	145.764596	0	1	1
-16.923141	145.764596	0	1	1
-16.923141	145.764596	0	1	1
-16.923141	145.764596	0	1	1
-16.923141	145.764596	0	1	1
-16.923141	145.764596	0	1	1
-16.923141	145.764596	0	1	1
-16.923141	145.764596	0	1	1
-16.923141	145.764596	0	1	1
-16.923141	145.764596	0	1	1
-16.923141	145.764596	0	1	1
-16.923037	145.764728	0	1	1
-16.923037	145.764728	0	1	1
-16.923037	145.764728	0	1	1
-16.923037	145.764728	0	1	1
-16.923037	145.764728	0	1	1
-16.923037	145.764728	0	1	1
-16.923037	145.764728	0	1	1
-16.923037	145.764728	0	1	1
-16.923037	145.764728	0	1	1
-16.923037	145.764728	0	1	1
-16.923037	145.764728	0	1	1
-16.923037	145.764728	0	1	1
-16.923037	145.764728	0	1	1
-16.923037	145.764728	0	1	1
-16.923037	145.764728	0	1	1
-16.923037	145.764728	0	1	1
-16.923037	145.764728	0	1	1
-16.923037	145.764728	0	1	1
-16.923024	145.766738	0	1	1
-16.923024	145.766738	0	1	1
-16.923024	145.766738	0	1	1
-16.923024	145.766738	0	1	1
-16.923024	145.766738	0	1	1
-16.923024	145.766738	0	1	1
-16.923024	145.766738	0	1	1
-16.923024	145.766738	0	1	1
-16.923024	145.766738	0	1	1
-16.923024	145.766738	0	1	1
-16.923024	145.766738	0	1	1
-16.922903	145.767495	0	1	1
-16.922903	145.767495	0	1	1
-16.922757	145.766583	0	1	1
-16.922385	145.765969	0	1	1
-16.922385	145.765969	0	1	1
-16.922385	145.765969	0	1	1
-16.922385	145.765969	0	1	1
-16.922385	145.765969	0	1	1
-16.922385	145.765969	0	1	1
-16.922385	145.765969	0	1	1
-16.922385	145.765969	0	1	1
-16.922385	145.765969	0	1	1
-16.922385	145.765969	0	1	1
-16.922315	145.765971	0	1	1
-16.922315	145.765971	0	1	1
-16.922315	145.765971	0	1	1
-16.922315	145.765971	0	1	1
-16.922315	145.765971	0	1	1
-16.922315	145.765971	0	1	1
-16.922315	145.765971	0	1	1
-16.922315	145.765971	0	1	1
-16.922315	145.765971	0	1	1
-16.922315	145.765971	0	1	1
-16.922315	145.765971	0	1	1
-16.922315	145.765971	0	1	1
-16.922315	145.765971	0	1	1
-16.922315	145.765971	0	1	1
-16.922315	145.765971	0	1	1
-16.922315	145.765971	0	1	1
-16.922315	145.765971	0	1	1
-16.922315	145.765971	0	1	1
-16.922315	145.765971	0	1	1
-16.922315	145.765971	0	1	1
-16.922315	145.765971	0	1	1
-16.922315	145.765971	0	1	1
-16.922213	145.766335	0	1	1
-16.922200	145.765517	0	1	1
-16.922200	145.765517	0	1	1
-16.922200	145.765517	0	1	1
-16.922200	145.765517	0	1	1
-16.922200	145.765517	0	1	1
-16.922200	145.765517	0	1	1
-16.922200	145.765517	0	1	1
-16.922200	145.765517	0	1	1
-16.922200	145.765517	0	1	1
-16.922200	145.765517	0	1	1
-16.922200	145.765517	0	1	1
-16.922200	145.765517	0	1	1
-16.922200	145.765517	0	1	1
-16.922200	145.765517	0	1	1
-16.921610	145.763868	0	1	1
-16.921610	145.763868	0	1	1
-16.921610	145.763868	0	1	1
-16.921610	145.763868	0	1	1
-16.921610	145.763868	0	1	1
-16.921610	145.763868	0	1	1
-16.921471	145.766931	0	1	1
-16.921266	145.766945	0	1	1
-16.921262	145.760643	0	1	1
-16.921262	145.760643	0	1	1
-16.921262	145.760643	0	1	1
-16.921262	145.760643	0	1	1
-16.921262	145.760643	0	1	1
-16.921262	145.760643	0	1	1
-16.921262	145.760643	0	1	1
-16.921262	145.760643	0	1	1
-16.921262	145.760643	0	1	1
-16.921262	145.760643	0	1	1
-16.921208	145.762604	0	1	1
-16.921132	145.764814	0	1	1
-16.921132	145.764814	0	1	1
-16.921132	145.764814	0	1	1
-16.921132	145.764814	0	1	1
-16.921132	145.764814	0	1	1
-16.921132	145.764814	0	1	1
-16.921132	145.764814	0	1	1
-16.921132	145.764814	0	1	1
-16.921132	145.764814	0	1	1
-16.921132	145.764814	0	1	1
-16.921132	145.764814	0	1	1
-16.921132	145.764814	0	1	1
-16.921132	145.761911	0	1	1
-16.921106	145.765506	0	1	1
-16.921106	145.765506	0	1	1
-16.921106	145.765506	0	1	1
-16.921106	145.765506	0	1	1
-16.921106	145.765506	0	1	1
-16.921106	145.765506	0	1	1
-16.921101	145.762266	0	1	1
-16.921101	145.762266	0	1	1
-16.921101	145.762266	0	1	1
-16.921101	145.762266	0	1	1
-16.921101	145.762266	0	1	1
-16.921101	145.762266	0	1	1
-16.921101	145.762266	0	1	1
-16.921101	145.762266	0	1	1
-16.921101	145.762266	0	1	1
-16.921101	145.762266	0	1	1
-16.921101	145.762266	0	1	1
-16.921101	145.762266	0	1	1
-16.921101	145.762266	0	1	1
-16.921101	145.762266	0	1	1
-16.921046	145.767347	0	1	1
-16.921046	145.767347	0	1	1
-16.921046	145.767347	0	1	1
-16.921046	145.767347	0	1	1
-16.921046	145.767347	0	1	1
-16.921046	145.767347	0	1	1
-16.921046	145.767347	0	1	1
-16.921046	145.767347	0	1	1
-16.921046	145.767347	0	1	1
-16.921046	145.767347	0	1	1
-16.921046	145.767347	0	1	1
-16.921046	145.767347	0	1	1
-16.921046	145.767347	0	1	1
-16.921046	145.767347	0	1	1
-16.921046	145.767347	0	1	1
-16.921046	145.767347	0	1	1
-16.921046	145.767347	0	1	1
-16.921039	145.765264	0	1	1
-16.921039	145.765264	0	1	1
-16.921039	145.765264	0	1	1
-16.921039	145.765264	0	1	1
-16.921039	145.765264	0	1	1
-16.921039	145.765264	0	1	1
-16.921039	145.765264	0	1	1
-16.921039	145.765264	0	1	1
-16.921039	145.765264	0	1	1
-16.921039	145.765264	0	1	1
-16.921039	145.765264	0	1	1
-16.921039	145.765264	0	1	1
-16.921039	145.765264	0	1	1
-16.920869	145.761953	0	1	1
-16.920869	145.761953	0	1	1
-16.920869	145.761953	0	1	1
-16.920869	145.761953	0	1	1
-16.920869	145.761953	0	1	1
-16.920869	145.761953	0	1	1
-16.920869	145.761953	0	1	1
-16.920869	145.761953	0	1	1
-16.920863	145.765114	0	1	1
-16.920863	145.765114	0	1	1
-16.920863	145.765114	0	1	1
-16.920863	145.765114	0	1	1
-16.920863	145.765114	0	1	1
-16.920863	145.765114	0	1	1
-16.920730	145.761834	0	1	1
-16.920730	145.761834	0	1	1
-16.920730	145.761834	0	1	1
-16.920730	145.761834	0	1	1
-16.920730	145.761834	0	1	1
-16.920730	145.761834	0	1	1
-16.920730	145.761834	0	1	1
-16.920730	145.761834	0	1	1
-16.920730	145.761834	0	1	1
-16.920730	145.761834	0	1	1
-16.920730	145.761834	0	1	1
-16.920649	145.765088	0	1	1
-16.920649	145.765088	0	1	1
-16.920649	145.765088	0	1	1
-16.920649	145.765088	0	1	1
-16.920649	145.765088	0	1	1
-16.920649	145.765088	0	1	1
-16.920609	145.765957	0	1	1
-16.920609	145.765957	0	1	1
-16.920609	145.765957	0	1	1
-16.920609	145.765957	0	1	1
-16.920609	145.765957	0	1	1
-16.920609	145.765957	0	1	1
-16.920609	145.765957	0	1	1
-16.920609	145.765957	0	1	1
-16.920609	145.765957	0	1	1
-16.920523	145.763980	0	1	1
-16.920523	145.763980	0	1	1
-16.920523	145.763980	0	1	1
-16.920523	145.763980	0	1	1
-16.920523	145.763980	0	1	1
-16.920523	145.763980	0	1	1
-16.920523	145.763980	0	1	1
-16.920523	145.763980	0	1	1
-16.920523	145.763980	0	1	1
-16.920523	145.763980	0	1	1
-16.920523	145.763980	0	1	1
-16.920523	145.763980	0	1	1
-16.920523	145.763980	0	1	1
-16.920523	145.763980	0	1	1
-16.920498	145.767060	0	1	1
-16.920271	145.761181	0	1	1
-16.920271	145.761181	0	1	1
-16.920271	145.761181	0	1	1
-16.920271	145.761181	0	1	1
-16.920271	145.761181	0	1	1
-16.920271	145.761181	0	1	1
-16.920271	145.761181	0	1	1
-16.920271	145.761181	0	1	1
-16.920271	145.761181	0	1	1
-16.920271	145.761181	0	1	1
-16.920270	145.766249	0	1	1
-16.920270	145.766249	0	1	1
-16.920270	145.766249	0	1	1
-16.920270	145.766249	0	1	1
-16.920270	145.766249	0	1	1
-16.920270	145.766249	0	1	1
-16.920270	145.766249	0	1	1
-16.920270	145.766249	0	1	1
-16.920270	145.766249	0	1	1
-16.920270	145.766249	0	1	1
-16.920270	145.766249	0	1	1
-16.920270	145.766249	0	1	1
-16.920270	145.766249	0	1	1
-16.920270	145.766249	0	1	1
-16.920270	145.766249	0	1	1
-16.920270	145.766249	0	1	1
-16.920270	145.766249	0	1	1
-16.920270	145.766249	0	1	1
-16.920270	145.766249	0	1	1
-16.920270	145.766249	0	1	1
-16.920270	145.766249	0	1	1
-16.920188	145.766409	0	1	1
-16.920188	145.766409	0	1	1
-16.920188	145.766409	0	1	1
-16.920188	145.766409	0	1	1
-16.920188	145.766409	0	1	1
-16.920188	145.766409	0	1	1
-16.920188	145.766409	0	1	1
-16.920188	145.766409	0	1	1
-16.920188	145.766409	0	1	1
-16.920188	145.766409	0	1	1
-16.920188	145.766409	0	1	1
-16.920188	145.766409	0	1	1
-16.920188	145.766409	0	1	1
-16.920188	145.766409	0	1	1
-16.920188	145.766409	0	1	1
-16.920188	145.766409	0	1	1
-16.920123	145.762599	0	1	1
-16.920123	145.762599	0	1	1
-16.920123	145.762599	0	1	1
-16.919981	145.761195	0	1	1
-16.919981	145.761195	0	1	1
-16.919981	145.761195	0	1	1
-16.919981	145.761195	0	1	1
-16.919981	145.761195	0	1	1
-16.919981	145.761195	0	1	1
-16.919981	145.761195	0	1	1
-16.919981	145.761195	0	1	1
-16.919980	145.762478	0	1	1
-16.919980	145.762478	0	1	1
-16.919980	145.762478	0	1	1
-16.919980	145.762478	0	1	1
-16.919980	145.762478	0	1	1
-16.919980	145.762478	0	1	1
-16.919980	145.762478	0	1	1
-16.919980	145.762478	0	1	1
-16.919980	145.762478	0	1	1
-16.919875	145.761106	0	1	1
-16.919875	145.761106	0	1	1
-16.919875	145.761106	0	1	1
-16.919875	145.761106	0	1	1
-16.919875	145.761106	0	1	1
-16.919875	145.761106	0	1	1
-16.919875	145.761106	0	1	1
-16.919875	145.761106	0	1	1
-16.919875	145.761106	0	1	1
-16.919866	145.763657	0	1	1
-16.919866	145.763657	0	1	1
-16.919866	145.763657	0	1	1
-16.919866	145.763657	0	1	1
-16.919866	145.763657	0	1	1
-16.919866	145.763657	0	1	1
-16.919866	145.763657	0	1	1
-16.919866	145.763657	0	1	1
-16.919866	145.763657	0	1	1
-16.919866	145.763657	0	1	1
-16.919866	145.763657	0	1	1
-16.919866	145.763657	0	1	1
-16.919866	145.763657	0	1	1
-16.919866	145.763657	0	1	1
-16.919866	145.763657	0	1	1
-16.919866	145.763657	0	1	1
-16.919866	145.763657	0	1	1
-16.919866	145.763657	0	1	1
-16.919866	145.763657	0	1	1
-16.919866	145.763657	0	1	1
-16.919708	145.762049	0	1	1
-16.919708	145.762049	0	1	1
-16.919708	145.762049	0	1	1
-16.919708	145.762049	0	1	1
-16.919626	145.761571	0	1	1
-16.919626	145.761571	0	1	1
-16.919626	145.761571	0	1	1
-16.919626	145.761571	0	1	1
-16.919626	145.761571	0	1	1
-16.919626	145.761571	0	1	1
-16.919626	145.761571	0	1	1
-16.919626	145.761571	0	1	1
-16.919626	145.761571	0	1	1
-16.919548	145.765214	0	1	1
-16.919548	145.765214	0	1	1
-16.919548	145.765214	0	1	1
-16.919548	145.765214	0	1	1
-16.919548	145.765214	0	1	1
-16.919548	145.765214	0	1	1
-16.919548	145.765214	0	1	1
-16.919548	145.765214	0	1	1
-16.919548	145.765214	0	1	1
-16.919548	145.765214	0	1	1
-16.919548	145.765214	0	1	1
-16.919548	145.765214	0	1	1
-16.919548	145.765214	0	1	1
-16.919548	145.765214	0	1	1
-16.919548	145.765214	0	1	1
-16.919548	145.765214	0	1	1
-16.919428	145.759016	0	1	1
-16.919428	145.759016	0	1	1
-16.919428	145.759016	0	1	1
-16.919428	145.759016	0	1	1
-16.919428	145.759016	0	1	1
-16.919428	145.759016	0	1	1
-16.919428	145.759016	0	1	1
-16.919428	145.759016	0	1	1
-16.919366	145.764392	0	1	1
-16.919366	145.764392	0	1	1
-16.919366	145.764392	0	1	1
-16.919366	145.764392	0	1	1
-16.919366	145.764392	0	1	1
-16.919366	145.764392	0	1	1
-16.919366	145.764392	0	1	1
-16.919366	145.764392	0	1	1
-16.919366	145.764392	0	1	1
-16.919366	145.764392	0	1	1
-16.919366	145.764392	0	1	1
-16.919366	145.764392	0	1	1
-16.919366	145.764392	0	1	1
-16.919366	145.764392	0	1	1
-16.919269	145.761873	0	1	1
-16.919269	145.761873	0	1	1
-16.919269	145.761873	0	1	1
-16.919269	145.761873	0	1	1
-16.919269	145.761873	0	1	1
-16.919047	145.759302	0	1	1
-16.919047	145.759302	0	1	1
-16.919047	145.759302	0	1	1
-16.919047	145.759302	0	1	1
-16.919047	145.759302	0	1	1
-16.919047	145.759302	0	1	1
-16.919047	145.759302	0	1	1
-16.919047	145.759302	0	1	1
-16.919047	145.759302	0	1	1
-16.919047	145.759302	0	1	1
-16.919023	145.764728	0	1	1
-16.919023	145.764728	0	1	1
-16.919023	145.764728	0	1	1
-16.919023	145.764728	0	1	1
-16.918930	145.764649	0	1	1
-16.918870	145.765510	0	1	1
-16.918830	145.764602	0	1	1
-16.918813	145.763429	0	1	1
-16.918813	145.763429	0	1	1
-16.918813	145.763429	0	1	1
-16.918813	145.763429	0	1	1
-16.918813	145.763429	0	1	1
-16.918813	145.763429	0	1	1
-16.918813	145.763429	0	1	1
-16.918813	145.763429	0	1	1
-16.918813	145.763429	0	1	1
-16.918616	145.764840	0	1	1
-16.918616	145.764840	0	1	1
-16.918616	145.764840	0	1	1
-16.918616	145.764840	0	1	1
-16.918616	145.764840	0	1	1
-16.918616	145.764840	0	1	1
-16.918607	145.764436	0	1	1
-16.918607	145.764436	0	1	1
-16.918607	145.764436	0	1	1
-16.918607	145.764436	0	1	1
-16.918607	145.764436	0	1	1
-16.918607	145.764436	0	1	1
-16.918607	145.764436	0	1	1
-16.918607	145.764436	0	1	1
-16.918607	145.764436	0	1	1
-16.918607	145.764436	0	1	1
-16.918607	145.764436	0	1	1
-16.918607	145.764436	0	1	1
-16.918607	145.764436	0	1	1
-16.918607	145.764436	0	1	1
-16.918607	145.764436	0	1	1
-16.918607	145.764436	0	1	1
-16.918607	145.764436	0	1	1
-16.918607	145.764436	0	1	1
-16.918607	145.764436	0	1	1
-16.918607	145.764436	0	1	1
-16.918607	145.764436	0	1	1
-16.918607	145.764436	0	1	1
-16.918607	145.764436	0	1	1
-16.918607	145.764436	0	1	1
-16.918607	145.764436	0	1	1
-16.918607	145.764436	0	1	1
-16.918607	145.764436	0	1	1
-16.918607	145.764436	0	1	1
-16.918607	145.764436	0	1	1
-16.918607	145.764436	0	1	1
-16.918607	145.764436	0	1	1
-16.918607	145.764436	0	1	1
-16.918607	145.764436	0	1	1
-16.918607	145.764436	0	1	1
-16.918607	145.764436	0	1	1
-16.918607	145.764436	0	1	1
-16.918607	145.764436	0	1	1
-16.918607	145.764436	0	1	1
-16.918607	145.764436	0	1	1
-16.918572	145.759658	0	1	1
-16.918572	145.759658	0	1	1
-16.918572	145.759658	0	1	1
-16.918572	145.759658	0	1	1
-16.918572	145.759658	0	1	1
-16.918572	145.759658	0	1	1
-16.918572	145.759658	0	1	1
-16.918572	145.759658	0	1	1
-16.918572	145.759658	0	1	1
-16.918572	145.759658	0	1	1
-16.918572	145.759658	0	1	1
-16.918572	145.759658	0	1	1
-16.918529	145.763187	0	1	1
-16.918529	145.763187	0	1	1
-16.918529	145.763187	0	1	1
-16.918529	145.763187	0	1	1
-16.918529	145.763187	0	1	1
-16.918529	145.763187	0	1	1
-16.918325	145.765315	0	1	1
-16.918221	145.761864	0	1	1
-16.918221	145.761864	0	1	1
-16.918221	145.761864	0	1	1
-16.918221	145.761864	0	1	1
-16.918158	145.764522	0	1	1
-16.918158	145.764522	0	1	1
-16.918158	145.764522	0	1	1
-16.918158	145.764522	0	1	1
-16.918158	145.764522	0	1	1
-16.918158	145.764522	0	1	1
-16.918158	145.764522	0	1	1
-16.918158	145.764522	0	1	1
-16.918158	145.764522	0	1	1
-16.918158	145.764522	0	1	1
-16.918158	145.764522	0	1	1
-16.918158	145.764522	0	1	1
-16.918158	145.764522	0	1	1
-16.918086	145.762968	0	1	1
-16.918086	145.762968	0	1	1
-16.918086	145.762968	0	1	1
-16.918086	145.762968	0	1	1
-16.918086	145.762968	0	1	1
-16.918086	145.762968	0	1	1
-16.918086	145.762968	0	1	1
-16.918086	145.762968	0	1	1
-16.918086	145.762968	0	1	1
-16.918086	145.762968	0	1	1
-16.918086	145.762968	0	1	1
-16.918086	145.762968	0	1	1
-16.918086	145.762968	0	1	1
-16.918086	145.762968	0	1	1
-16.918086	145.762968	0	1	1
-16.918086	145.762968	0	1	1
-16.918086	145.762968	0	1	1
-16.918086	145.762968	0	1	1
-16.918086	145.762968	0	1	1
-16.918086	145.762968	0	1	1
-16.918086	145.762968	0	1	1
-16.918086	145.762968	0	1	1
-16.918086	145.762968	0	1	1
-16.918086	145.762968	0	1	1
-16.918086	145.762968	0	1	1
-16.918086	145.762968	0	1	1
-16.918086	145.762968	0	1	1
-16.918086	145.762968	0	1	1
-16.918086	145.762968	0	1	1
-16.918086	145.762968	0	1	1
-16.918086	145.762968	0	1	1
-16.918086	145.762968	0	1	1
-16.918086	145.762968	0	1	1
-16.918086	145.762968	0	1	1
-16.918086	145.762968	0	1	1
-16.918086	145.762968	0	1	1
-16.918086	145.762968	0	1	1
-16.918086	145.762968	0	1	1
-16.918086	145.762968	0	1	1
-16.918086	145.762968	0	1	1
-16.918086	145.762968	0	1	1
-16.918086	145.762968	0	1	1
-16.918086	145.762968	0	1	1
-16.918086	145.762968	0	1	1
-16.918086	145.762968	0	1	1
-16.918086	145.762968	0	1	1
-16.918086	145.762968	0	1	1
-16.918086	145.762968	0	1	1
-16.918029	145.760809	0	1	1
-16.918029	145.760809	0	1	1
-16.918029	145.760809	0	1	1
-16.918029	145.760809	0	1	1
-16.918029	145.760809	0	1	1
-16.918029	145.760809	0	1	1
-16.918029	145.760809	0	1	1
-16.918029	145.760809	0	1	1
-16.918029	145.760809	0	1	1
-16.918029	145.760809	0	1	1
-16.918029	145.760809	0	1	1
-16.918029	145.760809	0	1	1
-16.918029	145.760809	0	1	1
-16.918029	145.760809	0	1	1
-16.918029	145.760809	0	1	1
-16.918029	145.760809	0	1	1
-16.918029	145.760809	0	1	1
-16.918029	145.760809	0	1	1
-16.918029	145.760809	0	1	1
-16.918029	145.760809	0	1	1
-16.917942	145.763783	0	1	1
-16.917942	145.763783	0	1	1
-16.917942	145.763783	0	1	1
-16.917942	145.763783	0	1	1
-16.917942	145.763783	0	1	1
-16.917942	145.763783	0	1	1
-16.917942	145.763783	0	1	1
-16.917942	145.763783	0	1	1
-16.917942	145.763783	0	1	1
-16.917942	145.763783	0	1	1
-16.917942	145.763783	0	1	1
-16.917942	145.763783	0	1	1
-16.917942	145.763783	0	1	1
-16.917847	145.762417	0	1	1
-16.917847	145.762417	0	1	1
-16.917847	145.762417	0	1	1
-16.917847	145.762417	0	1	1
-16.917847	145.762417	0	1	1
-16.917847	145.762417	0	1	1
-16.917847	145.762417	0	1	1
-16.917847	145.762417	0	1	1
-16.917847	145.762417	0	1	1
-16.917847	145.762417	0	1	1
-16.917847	145.762417	0	1	1
-16.917847	145.762417	0	1	1
-16.917847	145.762417	0	1	1
-16.917847	145.762417	0	1	1
-16.917847	145.762417	0	1	1
-16.917847	145.762417	0	1	1
-16.917847	145.762417	0	1	1
-16.917847	145.762417	0	1	1
-16.917847	145.762417	0	1	1
-16.917763	145.760581	0	1	1
-16.917763	145.760581	0	1	1
-16.917763	145.760581	0	1	1
-16.917763	145.760581	0	1	1
-16.917763	145.760581	0	1	1
-16.917763	145.760581	0	1	1
-16.917675	145.762236	0	1	1
-16.917675	145.762236	0	1	1
-16.917675	145.762236	0	1	1
-16.917675	145.762236	0	1	1
-16.917675	145.762236	0	1	1
-16.917675	145.762236	0	1	1
-16.917675	145.762236	0	1	1
-16.917675	145.762236	0	1	1
-16.917675	145.762236	0	1	1
-16.917675	145.762236	0	1	1
-16.917675	145.762236	0	1	1
-16.917675	145.762236	0	1	1
-16.917675	145.762236	0	1	1
-16.917675	145.762236	0	1	1
-16.917675	145.762236	0	1	1
-16.917675	145.762236	0	1	1
-16.917675	145.762236	0	1	1
-16.917675	145.762236	0	1	1
-16.917675	145.762236	0	1	1
-16.917675	145.762236	0	1	1
-16.917675	145.762236	0	1	1
-16.917675	145.762236	0	1	1
-16.917675	145.762236	0	1	1
-16.917675	145.762236	0	1	1
-16.917675	145.762236	0	1	1
-16.917675	145.762236	0	1	1
-16.917675	145.762236	0	1	1
-16.917675	145.762236	0	1	1
-16.917675	145.762236	0	1	1
-16.917675	145.762236	0	1	1
-16.917591	145.760432	0	1	1
-16.917591	145.760432	0	1	1
-16.917591	145.760432	0	1	1
-16.917591	145.760432	0	1	1
-16.917591	145.760432	0	1	1
-16.917591	145.760432	0	1	1
-16.917591	145.760432	0	1	1
-16.917591	145.760432	0	1	1
-16.917591	145.760432	0	1	1
-16.917591	145.760432	0	1	1
-16.917591	145.760432	0	1	1
-16.917591	145.760432	0	1	1
-16.917470	145.762172	0	1	1
-16.917470	145.762172	0	1	1
-16.917470	145.762172	0	1	1
-16.917470	145.762172	0	1	1
-16.917470	145.762172	0	1	1
-16.917470	145.762172	0	1	1
-16.917470	145.762172	0	1	1
-16.917470	145.762172	0	1	1
-16.917470	145.762172	0	1	1
-16.917470	145.762172	0	1	1
-16.917470	145.762172	0	1	1
-16.917470	145.762172	0	1	1
-16.917470	145.762172	0	1	1
-16.917470	145.762172	0	1	1
-16.917470	145.762172	0	1	1
-16.917470	145.762172	0	1	1
-16.917470	145.762172	0	1	1
-16.917470	145.762172	0	1	1
-16.917470	145.762172	0	1	1
-16.917470	145.762172	0	1	1
-16.917470	145.762172	0	1	1
-16.917470	145.762172	0	1	1
-16.917470	145.762172	0	1	1
-16.917470	145.762172	0	1	1
-16.917186	145.761791	0	1	1
-16.917186	145.761791	0	1	1
-16.917186	145.761791	0	1	1
-16.917186	145.761791	0	1	1
-16.917186	145.761791	0	1	1
-16.917186	145.761791	0	1	1
-16.917186	145.761791	0	1	1
-16.917186	145.761791	0	1	1
-16.917186	145.761791	0	1	1
-16.917186	145.761791	0	1	1
-16.917042	145.759573	0	1	1
-16.917042	145.759573	0	1	1
-16.917042	145.759573	0	1	1
-16.917042	145.759573	0	1	1
-16.917042	145.759573	0	1	1
-16.917042	145.759573	0	1	1
-16.916891	145.759915	0	1	1
-16.916865	145.761320	0	1	1
-16.916865	145.761320	0	1	1
-16.916865	145.761320	0	1	1
-16.916865	145.761320	0	1	1
-16.916865	145.761320	0	1	1
-16.916865	145.761320	0	1	1
-16.916865	145.761320	0	1	1
-16.916865	145.761320	0	1	1
-16.916550	145.759555	0	1	1
-16.915584	145.757364	0	1	1
-16.915584	145.757364	0	1	1
-16.915584	145.757364	0	1	1
-16.915584	145.757364	0	1	1
-16.915584	145.757364	0	1	1
-16.915584	145.757364	0	1	1
-16.915584	145.757364	0	1	1
-16.915584	145.757364	0	1	1
-16.915584	145.757364	0	1	1
-16.915584	145.757364	0	1	1
-16.915584	145.757364	0	1	1
-16.915584	145.757364	0	1	1
-16.915584	145.757364	0	1	1
-16.915584	145.757364	0	1	1
-16.915584	145.757364	0	1	1
-16.915174	145.757762	0	1	1
-16.915174	145.757762	0	1	1
-16.915174	145.757762	0	1	1
-16.915174	145.757762	0	1	1
-16.915174	145.757762	0	1	1
-16.915174	145.757762	0	1	1
-16.915174	145.757762	0	1	1
-16.915174	145.757762	0	1	1
-16.915174	145.757762	0	1	1
-16.915174	145.757762	0	1	1
-16.915174	145.757762	0	1	1
-16.915174	145.757762	0	1	1
-16.914953	145.757206	0	1	1
-16.914953	145.757206	0	1	1
-16.914953	145.757206	0	1	1
-16.914953	145.757206	0	1	1
-16.914953	145.757206	0	1	1
-16.914953	145.757206	0	1	1
-16.914953	145.757206	0	1	1
-16.914953	145.757206	0	1	1
-16.914953	145.757206	0	1	1
-16.914953	145.757206	0	1	1
-16.914920	145.757832	0	1	1
-16.914920	145.757832	0	1	1
-16.914920	145.757832	0	1	1
-16.914920	145.757832	0	1	1
-16.914920	145.757832	0	1	1
-16.914920	145.757832	0	1	1
-16.914920	145.757832	0	1	1
-16.914920	145.757832	0	1	1
-16.914920	145.757832	0	1	1
-16.914920	145.757832	0	1	1
-16.914887	145.754794	0	1	1
-16.914887	145.754794	0	1	1
-16.914887	145.754794	0	1	1
-16.914887	145.754794	0	1	1
-16.914887	145.754794	0	1	1
-16.914887	145.754794	0	1	1
-16.914887	145.754794	0	1	1
-16.914887	145.754794	0	1	1
-16.914887	145.754794	0	1	1
-16.914887	145.754794	0	1	1
-16.914887	145.754794	0	1	1
-16.914887	145.754794	0	1	1
-16.914887	145.754794	0	1	1
-16.914887	145.754794	0	1	1
-16.914887	145.754794	0	1	1
-16.914887	145.754794	0	1	1
-16.914887	145.754794	0	1	1
-16.914887	145.754794	0	1	1
-16.914887	145.754794	0	1	1
-16.914887	145.754794	0	1	1
-16.914887	145.754794	0	1	1
-16.914887	145.754794	0	1	1
-16.914887	145.754794	0	1	1
-16.914887	145.754794	0	1	1
-16.914887	145.754794	0	1	1
-16.914887	145.754794	0	1	1
-16.914887	145.754794	0	1	1
-16.914887	145.754794	0	1	1
-16.914887	145.754794	0	1	1
-16.914887	145.754794	0	1	1
-16.914887	145.754794	0	1	1
-16.914887	145.754794	0	1	1
-16.914887	145.754794	0	1	1
-16.914887	145.754794	0	1	1
-16.914887	145.754794	0	1	1
-16.914887	145.754794	0	1	1
-16.914887	145.754794	0	1	1
-16.914887	145.754794	0	1	1
-16.914887	145.754794	0	1	1
-16.914887	145.754794	0	1	1
-16.914822	145.757391	0	1	1
-16.914822	145.757391	0	1	1
-16.914822	145.757391	0	1	1
-16.914822	145.757391	0	1	1
-16.914822	145.757391	0	1	1
-16.914822	145.757391	0	1	1
-16.914822	145.757391	0	1	1
-16.914822	145.757391	0	1	1
-16.914822	145.757391	0	1	1
-16.914822	145.757391	0	1	1
-16.914590	145.754572	0	1	1
-16.914590	145.754572	0	1	1
-16.914590	145.754572	0	1	1
-16.914590	145.754572	0	1	1
-16.914590	145.754572	0	1	1
-16.914590	145.754572	0	1	1
-16.914590	145.754572	0	1	1
-16.914590	145.754572	0	1	1
-16.914590	145.754572	0	1	1
-16.914590	145.754572	0	1	1
-16.914590	145.754572	0	1	1
-16.914590	145.754572	0	1	1
-16.914590	145.754572	0	1	1
-16.914590	145.754572	0	1	1
-16.914590	145.754572	0	1	1
-16.914311	145.756427	0	1	1
-16.914311	145.756427	0	1	1
-16.914311	145.756427	0	1	1
-16.914311	145.756427	0	1	1
-16.914311	145.756427	0	1	1
-16.914311	145.756427	0	1	1
-16.914311	145.756427	0	1	1
-16.914311	145.756427	0	1	1
-16.914311	145.756427	0	1	1
-16.914311	145.756427	0	1	1
-16.914311	145.756427	0	1	1
-16.914311	145.756427	0	1	1
-16.914273	145.762678	0	1	1
-16.914273	145.762678	0	1	1
-16.914273	145.762678	0	1	1
-16.914273	145.762678	0	1	1
-16.914273	145.762678	0	1	1
-16.914273	145.762678	0	1	1
-16.914273	145.762678	0	1	1
-16.914273	145.762678	0	1	1
-16.914273	145.762678	0	1	1
-16.914273	145.762678	0	1	1
-16.914273	145.762678	0	1	1
-16.914273	145.762678	0	1	1
-16.914273	145.762678	0	1	1
-16.914273	145.762678	0	1	1
-16.914273	145.762678	0	1	1
-16.914273	145.762678	0	1	1
-16.913921	145.754895	0	1	1
-16.913921	145.754895	0	1	1
-16.913921	145.754895	0	1	1
-16.913921	145.754895	0	1	1
-16.913921	145.754895	0	1	1
-16.913921	145.754895	0	1	1
-16.913921	145.754895	0	1	1
-16.913921	145.754895	0	1	1
-16.913921	145.754895	0	1	1
-16.913921	145.754895	0	1	1
-16.913921	145.754895	0	1	1
-16.913921	145.754895	0	1	1
-16.913921	145.754895	0	1	1
-16.913921	145.754895	0	1	1
-16.913921	145.754895	0	1	1
-16.913921	145.754895	0	1	1
-16.913921	145.754895	0	1	1
-16.913921	145.754895	0	1	1
-16.913921	145.754895	0	1	1
-16.913921	145.754895	0	1	1
-16.913921	145.754895	0	1	1
-16.913905	145.754559	0	1	1
-16.913905	145.754559	0	1	1
-16.913905	145.754559	0	1	1
-16.913905	145.754559	0	1	1
-16.913905	145.754559	0	1	1
-16.913905	145.754559	0	1	1
-16.913905	145.754559	0	1	1
-16.913905	145.754559	0	1	1
-16.913905	145.754559	0	1	1
-16.913905	145.754559	0	1	1
-16.913905	145.754559	0	1	1
-16.913905	145.754559	0	1	1
-16.913905	145.754559	0	1	1
-16.913905	145.754559	0	1	1
-16.913905	145.754559	0	1	1
-16.913905	145.754559	0	1	1
-16.913905	145.754559	0	1	1
-16.913905	145.754559	0	1	1
-16.913905	145.754559	0	1	1
-16.913905	145.754559	0	1	1
-16.913905	145.754559	0	1	1
-16.913905	145.754559	0	1	1
-16.913763	145.762085	0	1	1
-16.912572	145.761739	0	1	1
-16.917299	145.764395	0	1	1
-16.913763	145.762085	0	1	1
-16.917574	145.769396	0	1	1
-16.916858	145.769052	0	1	1
-16.916869	145.768795	0	1	1
-16.925898	145.761047	0	1	1
-16.911193	145.755790	0	1	1
-16.911357	145.755634	0	1	1
-16.920766	145.768958	0	1	1
-16.920686	145.768639	0	1	1
-16.920601	145.768550	0	1	1
-16.920343	145.768597	0	1	1
-16.919440	145.767948	0	1	1
-16.919464	145.767579	0	1	1
-16.918401	145.767454	0	1	1
-16.913779	145.763238	0	1	1
-16.913698	145.763151	0	1	1
-16.916457	145.765838	0	1	1
-16.913160	145.762622	0	1	1
-16.912407	145.762172	0	1	1
-16.911962	145.762254	0	1	1
-16.911869	145.762186	0	1	1
-16.911815	145.761703	0	1	1
-16.911900	145.761281	0	1	1
-16.911452	145.761879	0	1	1
-16.911501	145.761392	0	1	1
-16.913779	145.763238	0	1	1
-16.919440	145.767491	0	1	1
-16.914245	145.756292	0	1	1
-16.921950	145.771689	0	1	1
-16.921539	145.771339	0	1	1
-16.921366	145.770926	0	1	1
-16.918297	145.768567	0	1	1
-16.917839	145.768178	0	1	1
-16.920537	145.771111	0	1	1
-16.917618	145.769400	0	1	1
-16.921339	145.772266	0	1	1
-16.917636	145.768443	0	1	1
-16.916813	145.768586	0	1	1
-16.917540	145.767874	0	1	1
-16.916671	145.767807	0	1	1
-16.916923	145.767551	0	1	1
-16.916429	145.767425	0	1	1
-16.916355	145.767364	0	1	1
-16.915838	145.767099	0	1	1
-16.916068	145.766410	0	1	1
-16.915754	145.767029	0	1	1
-16.915671	145.766958	0	1	1
-16.915649	145.766417	0	1	1
-16.914539	145.765814	0	1	1
-16.912860	145.763807	0	1	1
-16.911958	145.763172	0	1	1
-16.911540	145.762634	0	1	1
-16.914885	145.765661	0	1	1
-16.913066	145.765287	0	1	1
-16.911869	145.762869	0	1	1
-16.919539	145.765692	0	1	1
-16.917261	145.768129	0	1	1
-16.924032	145.762173	1	1	1
-16.923923	145.762082	1	1	1
-16.923596	145.761807	1	1	1
-16.923584	145.760905	1	1	1
-16.916319	145.758058	1	1	1
-16.914302	145.754317	1	1	1
-16.914384	145.753318	1	1	1
-16.930028	145.768720	1	1	1
-16.929667	145.768895	1	1	1
-16.928758	145.769967	1	1	1
-16.928688	145.769907	1	1	1
-16.928061	145.770475	1	1	1
-16.928056	145.770925	1	1	1
-16.928054	145.769368	1	1	1
-16.927878	145.769218	1	1	1
-16.927768	145.771286	1	1	1
-16.927631	145.769008	1	1	1
-16.927610	145.770098	1	1	1
-16.927537	145.771578	1	1	1
-16.927509	145.771770	1	1	1
-16.927393	145.771916	1	1	1
-16.927316	145.771003	1	1	1
-16.927157	145.769922	1	1	1
-16.926959	145.770432	1	1	1
-16.926958	145.771491	1	1	1
-16.926834	145.769559	1	1	1
-16.926658	145.771171	1	1	1
-16.926623	145.770109	1	1	1
-16.926576	145.771101	1	1	1
-16.926529	145.771000	1	1	1
-16.926424	145.770911	1	1	1
-16.926424	145.770911	1	1	1
-16.926424	145.770911	1	1	1
-16.926424	145.770911	1	1	1
-16.926424	145.770911	1	1	1
-16.926424	145.770911	1	1	1
-16.926424	145.770911	1	1	1
-16.926424	145.770911	1	1	1
-16.926393	145.770680	1	1	1
-16.926279	145.770583	1	1	1
-16.925449	145.763099	1	1	1
-16.925236	145.762294	1	1	1
-16.925214	145.765563	1	1	1
-16.925085	145.765056	1	1	1
-16.925073	145.765444	1	1	1
-16.925073	145.765444	1	1	1
-16.925027	145.765129	1	1	1
-16.924871	145.764744	1	1	1
-16.924786	145.767896	1	1	1
-16.924786	145.767896	1	1	1
-16.924786	145.767896	1	1	1
-16.924786	145.767896	1	1	1
-16.924658	145.766102	1	1	1
-16.924643	145.766125	1	1	1
-16.924621	145.769377	1	1	1
-16.924578	145.769282	1	1	1
-16.924451	145.761644	1	1	1
-16.924450	145.763322	1	1	1
-16.924375	145.769103	1	1	1
-16.924342	145.761552	1	1	1
-16.924325	145.768540	1	1	1
-16.924282	145.764278	1	1	1
-16.924281	145.767386	1	1	1
-16.924272	145.768235	1	1	1
-16.924267	145.767319	1	1	1
-16.924221	145.764355	1	1	1
-16.924095	145.761177	1	1	1
-16.924095	145.761177	1	1	1
-16.923909	145.761182	1	1	1
-16.923909	145.761182	1	1	1
-16.923909	145.761182	1	1	1
-16.923909	145.761182	1	1	1
-16.923879	145.764790	1	1	1
-16.923779	145.764780	1	1	1
-16.923664	145.761136	1	1	1
-16.923664	145.761136	1	1	1
-16.923664	145.761136	1	1	1
-16.923664	145.761136	1	1	1
-16.923664	145.761136	1	1	1
-16.923664	145.761136	1	1	1
-16.923664	145.761136	1	1	1
-16.923664	145.761136	1	1	1
-16.923630	145.760619	1	1	1
-16.923630	145.760619	1	1	1
-16.923630	145.760619	1	1	1
-16.923630	145.760619	1	1	1
-16.923630	145.760619	1	1	1
-16.923630	145.760619	1	1	1
-16.923552	145.764552	1	1	1
-16.923473	145.764485	1	1	1
-16.923461	145.765323	1	1	1
-16.923379	145.761624	1	1	1
-16.923368	145.760720	1	1	1
-16.923359	145.765451	1	1	1
-16.923304	145.765521	1	1	1
-16.923002	145.766762	1	1	1
-16.922903	145.767495	1	1	1
-16.922903	145.767495	1	1	1
-16.922903	145.767495	1	1	1
-16.922835	145.761164	1	1	1
-16.922765	145.765858	1	1	1
-16.922727	145.763235	1	1	1
-16.922727	145.763235	1	1	1
-16.922727	145.763235	1	1	1
-16.922727	145.763235	1	1	1
-16.922681	145.763404	1	1	1
-16.922680	145.766791	1	1	1
-16.922648	145.764360	1	1	1
-16.922648	145.764360	1	1	1
-16.922478	145.765999	1	1	1
-16.922345	145.766168	1	1	1
-16.922100	145.767459	1	1	1
-16.922024	145.762143	1	1	1
-16.921983	145.765830	1	1	1
-16.921983	145.765830	1	1	1
-16.921983	145.765830	1	1	1
-16.921983	145.765830	1	1	1
-16.921856	145.764078	1	1	1
-16.921786	145.764018	1	1	1
-16.921208	145.766758	1	1	1
-16.921208	145.766758	1	1	1
-16.921144	145.761891	1	1	1
-16.921144	145.761891	1	1	1
-16.921144	145.761891	1	1	1
-16.921144	145.761891	1	1	1
-16.921144	145.761891	1	1	1
-16.921039	145.765264	1	1	1
-16.921039	145.765264	1	1	1
-16.921039	145.765264	1	1	1
-16.921039	145.765264	1	1	1
-16.921039	145.765264	1	1	1
-16.921039	145.765264	1	1	1
-16.921039	145.765264	1	1	1
-16.921039	145.765264	1	1	1
-16.920751	145.762207	1	1	1
-16.920649	145.765088	1	1	1
-16.920477	145.764784	1	1	1
-16.919644	145.765606	1	1	1
-16.919580	145.764206	1	1	1
-16.918993	145.758644	1	1	1
-16.918993	145.758644	1	1	1
-16.918929	145.762804	1	1	1
-16.918929	145.762804	1	1	1
-16.918929	145.762804	1	1	1
-16.918929	145.762804	1	1	1
-16.918636	145.763278	1	1	1
-16.918636	145.763278	1	1	1
-16.918636	145.763278	1	1	1
-16.918636	145.763278	1	1	1
-16.918636	145.763278	1	1	1
-16.918562	145.762360	1	1	1
-16.918562	145.762360	1	1	1
-16.918562	145.762360	1	1	1
-16.918562	145.762360	1	1	1
-16.918562	145.762360	1	1	1
-16.918529	145.763187	1	1	1
-16.918529	145.763187	1	1	1
-16.918529	145.763187	1	1	1
-16.918529	145.763187	1	1	1
-16.918529	145.763187	1	1	1
-16.918529	145.763187	1	1	1
-16.918328	145.761066	1	1	1
-16.918249	145.759131	1	1	1
-16.918249	145.759131	1	1	1
-16.918249	145.759131	1	1	1
-16.918172	145.759887	1	1	1
-16.918172	145.759887	1	1	1
-16.918172	145.759887	1	1	1
-16.918172	145.759887	1	1	1
-16.917786	145.759023	1	1	1
-16.917786	145.759023	1	1	1
-16.917508	145.758762	1	1	1
-16.917508	145.758762	1	1	1
-16.917508	145.758762	1	1	1
-16.917508	145.758762	1	1	1
-16.917508	145.758762	1	1	1
-16.917508	145.758762	1	1	1
-16.917495	145.759329	1	1	1
-16.917303	145.758781	1	1	1
-16.917303	145.758781	1	1	1
-16.917303	145.758781	1	1	1
-16.917303	145.758781	1	1	1
-16.917303	145.758781	1	1	1
-16.917303	145.758781	1	1	1
-16.917303	145.758781	1	1	1
-16.917303	145.758781	1	1	1
-16.917288	145.758480	1	1	1
-16.917286	145.759060	1	1	1
-16.917286	145.759060	1	1	1
-16.917077	145.758788	1	1	1
-16.916930	145.758103	1	1	1
-16.916805	145.758245	1	1	1
-16.916771	145.762937	1	1	1
-16.916546	145.758124	1	1	1
-16.916544	145.760659	1	1	1
-16.916544	145.760659	1	1	1
-16.916544	145.760659	1	1	1
-16.916544	145.760659	1	1	1
-16.916544	145.760659	1	1	1
-16.916544	145.760659	1	1	1
-16.916332	145.760422	1	1	1
-16.916148	145.759489	1	1	1
-16.916148	145.760210	1	1	1
-16.916016	145.759274	1	1	1
-16.916016	145.759274	1	1	1
-16.916004	145.760044	1	1	1
-16.915387	145.756564	1	1	1
-16.915387	145.756564	1	1	1
-16.915182	145.754997	1	1	1
-16.915112	145.756384	1	1	1
-16.914590	145.754572	1	1	1
-16.914590	145.754572	1	1	1
-16.911806	145.760564	1	1	1
-16.914173	145.753138	1	1	1
-16.914279	145.753228	1	1	1
-16.914489	145.753404	1	1	1
-16.914197	145.754239	1	1	1
-16.915160	145.753982	1	1	1
-16.916954	145.756167	1	1	1
-16.916810	145.755529	1	1	1
-16.916431	145.754939	1	1	1
-16.917584	145.764627	1	1	1
-16.917441	145.764511	1	1	1
-16.911615	145.713664	1	1	1
-16.916640	145.763865	1	1	1
-16.915465	145.754234	1	1	1
-16.915324	145.754115	1	1	1
-16.915043	145.753876	1	1	1
-16.914789	145.753659	1	1	1
-16.914489	145.753404	1	1	1
-16.914279	145.753228	1	1	1
-16.914173	145.753138	1	1	1
-16.916813	145.755143	1	1	1
-16.913787	145.764087	1	1	1
-16.910825	145.758578	1	1	1
-16.912687	145.756787	1	1	1
-16.920907	145.769079	1	1	1
-16.920777	145.768719	1	1	1
-16.920310	145.768302	1	1	1
-16.920061	145.768356	1	1	1
-16.919714	145.768517	1	1	1
-16.919131	145.767993	1	1	1
-16.919088	145.767979	1	1	1
-16.918405	145.766943	1	1	1
-16.918334	145.766883	1	1	1
-16.920299	145.767519	1	1	1
-16.917660	145.768029	1	1	1
-16.916923	145.767551	1	1	1
-16.917810	145.769563	1	1	1
-16.917789	145.768787	1	1	1
-16.922696	145.773445	1	1	1
-16.917201	145.769046	1	1	1
-16.916910	145.768800	1	1	1
-16.912771	145.763576	1	1	1
-16.916910	145.768800	1	1	1
-16.915692	145.756185	1	1	1
-16.915812	145.756425	1	1	1
-16.920766	145.768958	1	1	1
-16.920343	145.768597	1	1	1
-16.918475	145.767004	1	1	1
-16.916858	145.769052	1	1	1
-16.915974	145.756546	1	1	1