Day	GID	Lat	Long	NoMozzie	NoFemale	NoMale
8	36085	-16.92348	145.76057	142.4	81.18	61.22
8	36077	-16.92371	145.76065	142.4	81.18	61.22
8	38003	-16.9245	145.76136	142.4	81.18	61.22
8	900007	-16.92432	145.76137	142.4	81.18	61.22
8	49437	-16.92381	145.76111	142.4	81.18	61.22
8	900006	-16.92348	145.76082	142.4	81.18	61.22
8	555	-16.923	145.76097	142.4	81.18	61.22
8	559	-16.92343	145.76134	142.4	81.18	61.22
8	563	-16.92386	145.76171	142.4	81.18	61.22
8	566	-16.92418	145.76199	142.4	81.18	61.22
8	571	-16.9236	145.76181	142.4	81.18	61.22
8	575	-16.92317	145.76144	142.4	81.18	61.22
8	567	-16.92274	145.76108	142.4	81.18	61.22
8	596	-16.92279	145.76169	142.4	81.18	61.22
8	600	-16.92322	145.76206	142.4	81.18	61.22
8	583	-16.92329	145.76244	142.4	81.18	61.22
8	586	-16.92296	145.76217	142.4	81.18	61.22
8	590	-16.92253	145.7618	142.4	81.18	61.22
8	27703	-16.92186	145.76114	142.4	81.18	61.22
8	27168	-16.92144	145.76078	142.4	81.18	61.22
8	26625	-16.92089	145.76031	142.4	81.18	61.22
8	26194	-16.92066	145.76012	142.4	81.18	61.22
8	18689	-16.91548	145.75899	142.4	81.18	61.22
8	15408	-16.91579	145.75853	142.4	81.18	61.22
8	13843	-16.91631	145.75805	142.4	81.18	61.22
8	20040	-16.91655	145.75782	142.4	81.18	61.22
8	20412	-16.91685	145.75804	142.4	81.18	61.22
8	20497	-16.91709	145.7581	142.4	81.18	61.22
8	442	-16.91744	145.75848	142.4	81.18	61.22
8	445	-16.91786	145.75879	142.4	81.18	61.22
8	421	-16.91809	145.75884	142.4	81.18	61.22
8	501	-16.919	145.75951	142.4	81.18	61.22
8	497	-16.91946	145.7599	142.4	81.18	61.22
8	459	-16.91978	145.76017	142.4	81.18	61.22
8	900014	-16.92032	145.76075	142.4	81.18	61.22
8	66093	-16.92098	145.76157	142.4	81.18	61.22
8	607	-16.92203	145.76215	142.4	81.18	61.22
8	611	-16.92241	145.76259	142.4	81.18	61.22
8	617	-16.92319	145.76307	142.4	81.18	61.22
8	619	-16.92303	145.76327	142.4	81.18	61.22
8	620	-16.92269	145.76295	142.4	81.18	61.22
8	613	-16.92258	145.76273	142.4	81.18	61.22
8	609	-16.92224	145.76244	142.4	81.18	61.22
8	14069	-16.92125	145.76209	142.4	81.18	61.22
8	670	-16.92185	145.76281	142.4	81.18	61.22
8	626	-16.92237	145.7633	142.4	81.18	61.22
8	629	-16.92258	145.76347	142.4	81.18	61.22
8	635	-16.92267	145.76373	142.4	81.18	61.22
8	654	-16.92235	145.76377	142.4	81.18	61.22
8	660	-16.92193	145.76341	142.4	81.18	61.22
8	664	-16.92165	145.76317	142.4	81.18	61.22
8	668	-16.9214	145.76281	142.4	81.18	61.22
8	3841	-16.9206	145.76172	142.4	81.18	61.22
8	900011	-16.92035	145.76151	142.4	81.18	61.22
8	65891	-16.91991	145.76108	142.4	81.18	61.22
8	463	-16.91955	145.76046	142.4	81.18	61.22
8	466	-16.91938	145.76068	142.4	81.18	61.22
8	471	-16.91909	145.76104	142.4	81.18	61.22
8	476	-16.91893	145.76144	142.4	81.18	61.22
8	21367	-16.91924	145.76197	142.4	81.18	61.22
8	900003	-16.91949	145.76176	142.4	81.18	61.22
8	900012	-16.91997	145.76198	142.4	81.18	61.22
8	64294	-16.92018	145.76224	142.4	81.18	61.22
8	671	-16.92151	145.76363	142.4	81.18	61.22
8	900000	-16.92229	145.76444	142.4	81.18	61.22
8	674	-16.92189	145.76423	142.4	81.18	61.22
8	644	-16.92179	145.76402	142.4	81.18	61.22
8	900002	-16.92123	145.76354	142.4	81.18	61.22
8	653	-16.92095	145.7633	142.4	81.18	61.22
8	23704	-16.92018	145.76249	142.4	81.18	61.22
8	23626	-16.91981	145.76233	142.4	81.18	61.22
8	486	-16.91883	145.76069	142.4	81.18	61.22
8	490	-16.91906	145.7604	142.4	81.18	61.22
8	494	-16.91929	145.76012	142.4	81.18	61.22
8	504	-16.91883	145.75973	142.4	81.18	61.22
8	508	-16.9186	145.76001	142.4	81.18	61.22
8	511	-16.91832	145.76037	142.4	81.18	61.22
8	522	-16.918	145.7601	142.4	81.18	61.22
8	900005	-16.91828	145.75974	142.4	81.18	61.22
8	415	-16.91766	145.75944	142.4	81.18	61.22
8	900013	-16.91697	145.75893	142.4	81.18	61.22
8	414	-16.91743	145.75972	142.4	81.18	61.22
8	448	-16.91644	145.7597	142.4	81.18	61.22
8	544	-16.91724	145.75871	142.4	81.18	61.22
8	52494	-16.91677	145.75856	142.4	81.18	61.22
8	429	-16.91625	145.75933	142.4	81.18	61.22
8	432	-16.91594	145.75922	142.4	81.18	61.22
8	67313	-16.91856	145.76288	142.4	81.18	61.22
8	19589	-16.91877	145.76254	142.4	81.18	61.22
8	24549	-16.91907	145.76268	142.4	81.18	61.22
8	25041	-16.91935	145.76292	142.4	81.18	61.22
8	40148	-16.91891	145.76321	142.4	81.18	61.22
8	900001	-16.91984	145.76333	142.4	81.18	61.22
8	900015	-16.91987	145.76366	142.4	81.18	61.22
8	24999	-16.9197	145.76406	142.4	81.18	61.22
8	28260	-16.9189	145.76495	142.4	81.18	61.22
8	65139	-16.91958	145.76568	142.4	81.18	61.22
8	900008	-16.91972	145.76511	142.4	81.18	61.22
8	11346	-16.92003	145.76454	142.4	81.18	61.22
8	26628	-16.92089	145.76428	142.4	81.18	61.22
8	26692	-16.92103	145.7644	142.4	81.18	61.22
8	27258	-16.92145	145.76476	142.4	81.18	61.22
8	10572	-16.92181	145.76482	142.4	81.18	61.22
8	11827	-16.9202	145.76456	142.4	81.18	61.22
8	14908	-16.92041	145.76474	142.4	81.18	61.22
8	25076	-16.92115	145.76525	142.4	81.18	61.22
8	14543	-16.92137	145.76537	142.4	81.18	61.22
8	7450	-16.91939	145.76392	142.4	81.18	61.22
8	5063	-16.91917	145.76374	142.4	81.18	61.22
8	900009	-16.91854	145.7632	142.4	81.18	61.22
8	45879	-16.91506	145.75961	142.4	81.18	61.22
8	46246	-16.91532	145.76009	142.4	81.18	61.22
8	47652	-16.9156	145.76058	142.4	81.18	61.22
8	1835	-16.91831	145.7639	142.4	81.18	61.22
8	67089	-16.91863	145.76443	142.4	81.18	61.22
8	14044	-16.91992	145.76536	142.4	81.18	61.22
8	58571	-16.92025	145.76576	142.4	81.18	61.22
8	21623	-16.92062	145.76595	142.4	81.18	61.22
8	900010	-16.92062	145.76626	142.4	81.18	61.22
15	36083	-16.92353	145.76051	49.9	30.2	19.7
15	36075	-16.92376	145.7607	99.8	60.4	39.4
15	49429	-16.92399	145.76087	49.9	30.2	19.7
15	2640	-16.92416	145.76114	99.8	60.4	39.4
15	38067	-16.92461	145.76146	49.9	30.2	19.7
15	8525	-16.92413	145.7614	99.8	60.4	39.4
15	44074	-16.92359	145.76091	49.9	30.2	19.7
15	554	-16.92289	145.76089	99.8	60.4	39.4
15	558	-16.92332	145.76125	49.9	30.2	19.7
15	562	-16.92376	145.76162	99.8	60.4	39.4
15	565	-16.92408	145.7619	49.9	30.2	19.7
15	569	-16.92382	145.762	99.8	60.4	39.4
15	573	-16.92339	145.76163	49.9	30.2	19.7
15	578	-16.92284	145.76117	99.8	60.4	39.4
15	594	-16.92257	145.76151	49.9	30.2	19.7
15	598	-16.92301	145.76188	99.8	60.4	39.4
15	604	-16.92366	145.76243	49.9	30.2	19.7
15	900019	-16.9234	145.76254	99.8	60.4	39.4
15	587	-16.92285	145.76207	49.9	30.2	19.7
15	591	-16.92242	145.7617	99.8	60.4	39.4
15	27249	-16.92175	145.76105	49.9	30.2	19.7
15	27152	-16.92122	145.76065	99.8	60.4	39.4
15	26613	-16.92077	145.76022	49.9	30.2	19.7
15	18226	-16.91574	145.75878	99.8	60.4	39.4
15	14871	-16.916	145.75822	49.9	30.2	19.7
15	11437	-16.91633	145.75782	99.8	60.4	39.4
15	20122	-16.91663	145.75788	49.9	30.2	19.7
15	441	-16.91739	145.75832	99.8	60.4	39.4
15	20425	-16.91692	145.7581	49.9	30.2	19.7
15	444	-16.91774	145.7587	99.8	60.4	39.4
15	498	-16.91852	145.75922	49.9	30.2	19.7
15	23229	-16.92018	145.76075	99.8	60.4	39.4
15	23634	-16.9205	145.76103	49.9	30.2	19.7
15	24190	-16.92131	145.76171	99.8	60.4	39.4
15	608	-16.92215	145.76237	49.9	30.2	19.7
15	612	-16.9225	145.76266	99.8	60.4	39.4
15	618	-16.92311	145.76316	49.9	30.2	19.7
15	669	-16.92164	145.76256	99.8	60.4	39.4
15	626	-16.92237	145.7633	49.9	30.2	19.7
15	634	-16.92273	145.76366	99.8	60.4	39.4
15	637	-16.92255	145.76388	49.9	30.2	19.7
15	656	-16.92221	145.76365	99.8	60.4	39.4
15	661	-16.92186	145.76335	49.9	30.2	19.7
15	665	-16.92158	145.76311	99.8	60.4	39.4
15	631	-16.92128	145.76296	49.9	30.2	19.7
15	17769	-16.92088	145.76196	99.8	60.4	39.4
15	50838	-16.92042	145.76157	49.9	30.2	19.7
15	35611	-16.92006	145.76126	99.8	60.4	39.4
15	459	-16.91978	145.76017	49.9	30.2	19.7
15	900022	-16.91943	145.7606	99.8	60.4	39.4
15	469	-16.91921	145.76089	49.9	30.2	19.7
15	473	-16.91897	145.76119	99.8	60.4	39.4
15	21365	-16.91931	145.76189	49.9	30.2	19.7
15	15264	-16.9197	145.76167	99.8	60.4	39.4
15	48839	-16.92004	145.76204	49.9	30.2	19.7
15	6511	-16.92036	145.76231	99.8	60.4	39.4
15	40150	-16.92079	145.76267	49.9	30.2	19.7
15	652	-16.92102	145.76336	99.8	60.4	39.4
15	647	-16.92137	145.76366	49.9	30.2	19.7
15	548	-16.92159	145.76385	99.8	60.4	39.4
15	643	-16.92186	145.76408	49.9	30.2	19.7
15	900000	-16.92229	145.76444	99.8	60.4	39.4
15	24096	-16.92041	145.76284	49.9	30.2	19.7
15	23638	-16.91988	145.76239	99.8	60.4	39.4
15	23223	-16.91942	145.762	49.9	30.2	19.7
15	475	-16.91881	145.76159	99.8	60.4	39.4
15	481	-16.91847	145.76119	49.9	30.2	19.7
15	484	-16.91872	145.76084	99.8	60.4	39.4
15	487	-16.91889	145.76062	49.9	30.2	19.7
15	491	-16.91912	145.76033	99.8	60.4	39.4
15	495	-16.91935	145.76004	49.9	30.2	19.7
15	502	-16.91894	145.75958	99.8	60.4	39.4
15	506	-16.91872	145.75987	49.9	30.2	19.7
15	510	-16.91837	145.7603	99.8	60.4	39.4
15	514	-16.91814	145.76059	49.9	30.2	19.7
15	519	-16.91782	145.76032	99.8	60.4	39.4
15	523	-16.91806	145.76003	49.9	30.2	19.7
15	435	-16.91749	145.75932	99.8	60.4	39.4
15	454	-16.91737	145.75911	49.9	30.2	19.7
15	900017	-16.91667	145.75872	99.8	60.4	39.4
15	31873	-16.91631	145.75834	49.9	30.2	19.7
15	31195	-16.91594	145.75864	99.8	60.4	39.4
15	900018	-16.91622	145.75896	0	0	0
15	900016	-16.91676	145.75924	99.8	60.4	39.4
15	412	-16.91704	145.75957	49.9	30.2	19.7
15	456	-16.91722	145.75978	99.8	60.4	39.4
15	448	-16.91644	145.7597	49.9	30.2	19.7
15	428	-16.91635	145.75918	99.8	60.4	39.4
15	431	-16.91608	145.75932	49.9	30.2	19.7
15	434	-16.91579	145.75911	99.8	60.4	39.4
15	47457	-16.91626	145.76032	99.8	60.4	39.4
15	21119	-16.91725	145.76096	99.8	60.4	39.4
15	23633	-16.91764	145.76157	49.9	30.2	19.7
15	24091	-16.91802	145.76203	99.8	60.4	39.4
15	15124	-16.91824	145.76215	49.9	30.2	19.7
15	1507	-16.91779	145.76375	99.8	60.4	39.4
15	24176	-16.91888	145.76239	49.9	30.2	19.7
15	24663	-16.91928	145.76286	99.8	60.4	39.4
15	13446	-16.91903	145.76306	49.9	30.2	19.7
15	4500	-16.91893	145.7634	99.8	60.4	39.4
15	58590	-16.91937	145.7636	49.9	30.2	19.7
15	25117	-16.9197	145.76321	99.8	60.4	39.4
15	25599	-16.91991	145.76339	49.9	30.2	19.7
15	20796	-16.91981	145.76373	99.8	60.4	39.4
15	10223	-16.91958	145.76421	49.9	30.2	19.7
15	33645	-16.91956	145.76521	99.8	60.4	39.4
15	900008	-16.91972	145.76511	49.9	30.2	19.7
15	11346	-16.92003	145.76454	99.8	60.4	39.4
15	26185	-16.92067	145.7641	49.9	30.2	19.7
15	26646	-16.92096	145.76434	99.8	60.4	39.4
15	27156	-16.92124	145.76444	49.9	30.2	19.7
15	27707	-16.92152	145.76482	99.8	60.4	39.4
15	36629	-16.92062	145.76477	49.9	30.2	19.7
15	42686	-16.9208	145.76492	99.8	60.4	39.4
15	14543	-16.92137	145.76537	49.9	30.2	19.7
15	26481	-16.92111	145.76552	99.8	60.4	39.4
15	19419	-16.92065	145.7651	49.9	30.2	19.7
15	900021	-16.91932	145.76386	99.8	60.4	39.4
15	4753	-16.9191	145.76368	49.9	30.2	19.7
15	900009	-16.91854	145.7632	99.8	60.4	39.4
15	56118	-16.91795	145.7627	49.9	30.2	19.7
15	53221	-16.91729	145.76195	49.9	30.2	19.7
15	51193	-16.91704	145.76157	99.8	60.4	39.4
15	45946	-16.91511	145.75972	49.9	30.2	19.7
15	47419	-16.91539	145.76021	99.8	60.4	39.4
15	47839	-16.91567	145.7607	49.9	30.2	19.7
15	49400	-16.91595	145.76119	99.8	60.4	39.4
15	53139	-16.91665	145.7624	49.9	30.2	19.7
15	53808	-16.91703	145.76291	99.8	60.4	39.4
15	55701	-16.91741	145.76315	49.9	30.2	19.7
15	1511	-16.91794	145.76353	99.8	60.4	39.4
15	1519	-16.91809	145.76366	49.9	30.2	19.7
15	2050	-16.91828	145.76415	99.8	60.4	39.4
15	7310	-16.91905	145.76455	49.9	30.2	19.7
15	15531	-16.92015	145.76543	99.8	60.4	39.4
15	900020	-16.92025	145.76602	49.9	30.2	19.7
15	19285	-16.92042	145.76578	99.8	60.4	39.4
15	66262	-16.9209	145.76608	49.9	30.2	19.7
15	21633	-16.92056	145.76633	99.8	60.4	39.4
82	36081	-16.92359	145.76055	108.8	52.32	56.48
82	49424	-16.92369	145.761	54.4	26.16	28.24
82	58491	-16.92446	145.76164	108.8	52.32	56.48
82	8423	-16.92429	145.7612	54.4	26.16	28.24
82	49427	-16.92387	145.76077	108.8	52.32	56.48
82	900006	-16.92348	145.76082	54.4	26.16	28.24
82	554	-16.92289	145.76089	108.8	52.32	56.48
82	557	-16.92321	145.76116	54.4	26.16	28.24
82	561	-16.92365	145.76153	108.8	52.32	56.48
82	564	-16.92397	145.7618	54.4	26.16	28.24
82	568	-16.92393	145.76209	108.8	52.32	56.48
82	572	-16.92349	145.76172	54.4	26.16	28.24
82	576	-16.92306	145.76135	108.8	52.32	56.48
82	594	-16.92257	145.76151	54.4	26.16	28.24
82	597	-16.9229	145.76179	108.8	52.32	56.48
82	579	-16.92376	145.76253	54.4	26.16	28.24
82	581	-16.9235	145.76263	108.8	52.32	56.48
82	585	-16.92307	145.76226	54.4	26.16	28.24
82	589	-16.92264	145.76189	108.8	52.32	56.48
82	27230	-16.92165	145.76096	54.4	26.16	28.24
82	26637	-16.921	145.76041	108.8	52.32	56.48
82	26194	-16.92066	145.76012	54.4	26.16	28.24
82	15921	-16.91579	145.7587	108.8	52.32	56.48
82	14455	-16.91611	145.75807	54.4	26.16	28.24
82	11105	-16.9164	145.75772	108.8	52.32	56.48
82	20134	-16.9167	145.75793	54.4	26.16	28.24
82	20497	-16.91709	145.7581	108.8	52.32	56.48
82	443	-16.91752	145.75854	54.4	26.16	28.24
82	445	-16.91786	145.75879	108.8	52.32	56.48
82	498	-16.91852	145.75922	54.4	26.16	28.24
82	900014	-16.92029	145.76087	108.8	52.32	56.48
82	66122	-16.92071	145.76121	54.4	26.16	28.24
82	24180	-16.92117	145.7616	108.8	52.32	56.48
82	24542	-16.92151	145.76176	54.4	26.16	28.24
82	610	-16.92233	145.76252	108.8	52.32	56.48
82	617	-16.92319	145.76307	54.4	26.16	28.24
82	620	-16.92269	145.76295	108.8	52.32	56.48
82	900025	-16.92192	145.76229	54.4	26.16	28.24
82	632	-16.92157	145.76273	108.8	52.32	56.48
82	670	-16.92185	145.76281	54.4	26.16	28.24
82	628	-16.92251	145.76341	108.8	52.32	56.48
82	633	-16.92278	145.76359	54.4	26.16	28.24
82	673	-16.92247	145.76399	108.8	52.32	56.48
82	657	-16.92214	145.76359	54.4	26.16	28.24
82	662	-16.92179	145.76329	108.8	52.32	56.48
82	666	-16.92151	145.76305	54.4	26.16	28.24
82	66735	-16.92074	145.76184	108.8	52.32	56.48
82	54980	-16.92049	145.76163	54.4	26.16	28.24
82	33582	-16.91999	145.7612	108.8	52.32	56.48
82	463	-16.91955	145.76046	54.4	26.16	28.24
82	467	-16.91932	145.76075	108.8	52.32	56.48
82	472	-16.91903	145.76111	54.4	26.16	28.24
82	15266	-16.91962	145.7616	108.8	52.32	56.48
82	38931	-16.91983	145.76186	54.4	26.16	28.24
82	52826	-16.92011	145.7621	108.8	52.32	56.48
82	22955	-16.92065	145.76255	54.4	26.16	28.24
82	651	-16.92109	145.76342	108.8	52.32	56.48
82	646	-16.92151	145.76378	54.4	26.16	28.24
82	675	-16.92201	145.76408	108.8	52.32	56.48
82	24110	-16.92056	145.76297	54.4	26.16	28.24
82	23705	-16.92021	145.76254	108.8	52.32	56.48
82	23612	-16.91974	145.76227	54.4	26.16	28.24
82	23223	-16.91942	145.762	108.8	52.32	56.48
82	480	-16.91854	145.76125	54.4	26.16	28.24
82	485	-16.91877	145.76077	108.8	52.32	56.48
82	489	-16.919	145.76048	54.4	26.16	28.24
82	493	-16.91923	145.76019	108.8	52.32	56.48
82	496	-16.9194	145.75997	54.4	26.16	28.24
82	503	-16.91889	145.75965	108.8	52.32	56.48
82	507	-16.91866	145.75994	54.4	26.16	28.24
82	512	-16.91826	145.76045	108.8	52.32	56.48
82	517	-16.91776	145.76058	54.4	26.16	28.24
82	520	-16.91788	145.76025	108.8	52.32	56.48
82	524	-16.91811	145.75996	54.4	26.16	28.24
82	381	-16.91834	145.75952	108.8	52.32	56.48
82	420	-16.91798	145.75899	54.4	26.16	28.24
82	415	-16.91766	145.75944	108.8	52.32	56.48
82	900027	-16.91721	145.759	54.4	26.16	28.24
82	35627	-16.91646	145.75845	108.8	52.32	56.48
82	27619	-16.91616	145.75823	54.4	26.16	28.24
82	422	-16.916	145.7588	108.8	52.32	56.48
82	426	-16.91629	145.75902	108.8	52.32	56.48
82	409	-16.91682	145.7594	108.8	52.32	56.48
82	413	-16.91723	145.75958	54.4	26.16	28.24
82	440	-16.91728	145.75847	108.8	52.32	56.48
82	52494	-16.91677	145.75856	54.4	26.16	28.24
82	427	-16.91646	145.75903	0	0	0
82	430	-16.91614	145.75948	108.8	52.32	56.48
82	18746	-16.91571	145.75905	54.4	26.16	28.24
82	47540	-16.91633	145.76042	108.8	52.32	56.48
82	66175	-16.91749	145.76148	54.4	26.16	28.24
82	900030	-16.91793	145.76195	108.8	52.32	56.48
82	14660	-16.9183	145.76208	54.4	26.16	28.24
82	900029	-16.91801	145.76245	108.8	52.32	56.48
82	67312	-16.91856	145.76288	54.4	26.16	28.24
82	24188	-16.91893	145.76256	108.8	52.32	56.48
82	900031	-16.91921	145.7628	54.4	26.16	28.24
82	6508	-16.91909	145.76299	108.8	52.32	56.48
82	900028	-16.91882	145.76344	54.4	26.16	28.24
82	25117	-16.9197	145.76321	108.8	52.32	56.48
82	900032	-16.92006	145.76352	54.4	26.16	28.24
82	21693	-16.91975	145.76381	108.8	52.32	56.48
82	7606	-16.91906	145.76471	54.4	26.16	28.24
82	33645	-16.91956	145.76521	108.8	52.32	56.48
82	11886	-16.91965	145.76501	54.4	26.16	28.24
82	26196	-16.92074	145.76416	108.8	52.32	56.48
82	26702	-16.9211	145.76446	54.4	26.16	28.24
82	10572	-16.92181	145.76482	108.8	52.32	56.48
82	11827	-16.9202	145.76456	54.4	26.16	28.24
82	15446	-16.92048	145.7648	108.8	52.32	56.48
82	25076	-16.92115	145.76525	54.4	26.16	28.24
82	26481	-16.92111	145.76552	108.8	52.32	56.48
82	19419	-16.92065	145.7651	54.4	26.16	28.24
82	8200	-16.91953	145.76404	108.8	52.32	56.48
82	5063	-16.91917	145.76374	54.4	26.16	28.24
82	4099	-16.91864	145.76329	108.8	52.32	56.48
82	55468	-16.91761	145.76241	54.4	26.16	28.24
82	53343	-16.91735	145.76202	108.8	52.32	56.48
82	51193	-16.91704	145.76157	54.4	26.16	28.24
82	24373	-16.91709	145.76118	108.8	52.32	56.48
82	46003	-16.91518	145.75984	54.4	26.16	28.24
82	47501	-16.91546	145.76033	108.8	52.32	56.48
82	49216	-16.91581	145.76094	54.4	26.16	28.24
82	51143	-16.91607	145.76146	108.8	52.32	56.48
82	51742	-16.91658	145.76228	54.4	26.16	28.24
82	55377	-16.91715	145.76301	108.8	52.32	56.48
82	1829	-16.91818	145.76375	54.4	26.16	28.24
82	2530	-16.91848	145.76416	108.8	52.32	56.48
82	14677	-16.91999	145.76542	108.8	52.32	56.48
82	40128	-16.92004	145.76558	54.4	26.16	28.24
82	58571	-16.92025	145.76576	108.8	52.32	56.48
82	19939	-16.92049	145.76584	54.4	26.16	28.24
82	19948	-16.92071	145.76621	108.8	52.32	56.48
82	23970	-16.9205	145.7664	54.4	26.16	28.24
29	36085	-16.92348	145.76057	56.5	27.05	29.45
29	36077	-16.92371	145.76065	113	54.09	58.91
29	38003	-16.9245	145.76136	56.5	27.05	29.45
29	900007	-16.92432	145.76137	113	54.09	58.91
29	49437	-16.92381	145.76111	56.5	27.05	29.45
29	900006	-16.92348	145.76082	113	54.09	58.91
29	555	-16.923	145.76097	56.5	27.05	29.45
29	559	-16.92343	145.76134	113	54.09	58.91
29	563	-16.92386	145.76171	56.5	27.05	29.45
29	566	-16.92418	145.76199	113	54.09	58.91
29	571	-16.9236	145.76181	56.5	27.05	29.45
29	575	-16.92317	145.76144	113	54.09	58.91
29	567	-16.92274	145.76108	56.5	27.05	29.45
29	596	-16.92279	145.76169	113	54.09	58.91
29	600	-16.92322	145.76206	56.5	27.05	29.45
29	583	-16.92329	145.76244	113	54.09	58.91
29	586	-16.92296	145.76217	56.5	27.05	29.45
29	590	-16.92253	145.7618	113	54.09	58.91
29	27703	-16.92186	145.76114	56.5	27.05	29.45
29	27168	-16.92144	145.76078	113	54.09	58.91
29	26625	-16.92089	145.76031	56.5	27.05	29.45
29	26194	-16.92066	145.76012	113	54.09	58.91
29	18689	-16.91548	145.75899	56.5	27.05	29.45
29	15408	-16.91579	145.75853	113	54.09	58.91
29	13843	-16.91631	145.75805	56.5	27.05	29.45
29	20040	-16.91655	145.75782	113	54.09	58.91
29	20412	-16.91685	145.75804	56.5	27.05	29.45
29	20497	-16.91709	145.7581	113	54.09	58.91
29	442	-16.91744	145.75848	56.5	27.05	29.45
29	445	-16.91786	145.75879	113	54.09	58.91
29	421	-16.91809	145.75884	56.5	27.05	29.45
29	501	-16.919	145.75951	113	54.09	58.91
29	497	-16.91946	145.7599	56.5	27.05	29.45
29	900014	-16.92032	145.76075	113	54.09	58.91
29	66093	-16.92098	145.76157	56.5	27.05	29.45
29	607	-16.92203	145.76215	113	54.09	58.91
29	611	-16.92241	145.76259	56.5	27.05	29.45
29	617	-16.92319	145.76307	113	54.09	58.91
29	619	-16.92303	145.76327	56.5	27.05	29.45
29	620	-16.92269	145.76295	113	54.09	58.91
29	613	-16.92258	145.76273	56.5	27.05	29.45
29	609	-16.92224	145.76244	113	54.09	58.91
29	14069	-16.92125	145.76209	56.5	27.05	29.45
29	670	-16.92185	145.76281	113	54.09	58.91
29	626	-16.92237	145.7633	56.5	27.05	29.45
29	629	-16.92258	145.76347	113	54.09	58.91
29	635	-16.92267	145.76373	56.5	27.05	29.45
29	654	-16.92235	145.76377	113	54.09	58.91
29	660	-16.92193	145.76341	56.5	27.05	29.45
29	664	-16.92165	145.76317	113	54.09	58.91
29	668	-16.9214	145.76281	56.5	27.05	29.45
29	3841	-16.9206	145.76172	113	54.09	58.91
29	900011	-16.92035	145.76151	56.5	27.05	29.45
29	65891	-16.91991	145.76108	113	54.09	58.91
29	463	-16.91955	145.76046	56.5	27.05	29.45
29	466	-16.91938	145.76068	113	54.09	58.91
29	471	-16.91909	145.76104	56.5	27.05	29.45
29	476	-16.91893	145.76144	113	54.09	58.91
29	21367	-16.91924	145.76197	56.5	27.05	29.45
29	900003	-16.91949	145.76176	113	54.09	58.91
29	900012	-16.91997	145.76198	56.5	27.05	29.45
29	64294	-16.92018	145.76224	113	54.09	58.91
29	671	-16.92151	145.76363	56.5	27.05	29.45
29	900000	-16.92229	145.76444	113	54.09	58.91
29	674	-16.92189	145.76423	56.5	27.05	29.45
29	644	-16.92179	145.76402	113	54.09	58.91
29	900002	-16.92123	145.76354	56.5	27.05	29.45
29	653	-16.92095	145.7633	113	54.09	58.91
29	23704	-16.92018	145.76249	56.5	27.05	29.45
29	23626	-16.91981	145.76233	113	54.09	58.91
29	480	-16.91854	145.76125	56.5	27.05	29.45
29	483	-16.91833	145.76107	113	54.09	58.91
29	486	-16.91883	145.76069	56.5	27.05	29.45
29	490	-16.91906	145.7604	113	54.09	58.91
29	494	-16.91929	145.76012	56.5	27.05	29.45
29	504	-16.91883	145.75973	113	54.09	58.91
29	508	-16.9186	145.76001	56.5	27.05	29.45
29	511	-16.91832	145.76037	113	54.09	58.91
29	362	-16.91807	145.76078	56.5	27.05	29.45
29	399	-16.91758	145.76042	113	54.09	58.91
29	522	-16.918	145.7601	56.5	27.05	29.45
29	900005	-16.91828	145.75974	113	54.09	58.91
29	415	-16.91766	145.75944	56.5	27.05	29.45
29	900013	-16.91697	145.75893	113	54.09	58.91
29	414	-16.91743	145.75972	56.5	27.05	29.45
29	448	-16.91644	145.7597	113	54.09	58.91
29	544	-16.91724	145.75871	56.5	27.05	29.45
29	52494	-16.91677	145.75856	113	54.09	58.91
29	429	-16.91625	145.75933	56.5	27.05	29.45
29	432	-16.91594	145.75922	113	54.09	58.91
29	47457	-16.91626	145.76032	56.5	27.05	29.45
29	47540	-16.91633	145.76042	113	54.09	58.91
29	23228	-16.91731	145.76123	56.5	27.05	29.45
29	23694	-16.91776	145.76169	113	54.09	58.91
29	13934	-16.91838	145.76197	56.5	27.05	29.45
29	900004	-16.91812	145.7623	113	54.09	58.91
29	67313	-16.91856	145.76288	56.5	27.05	29.45
29	19589	-16.91877	145.76254	113	54.09	58.91
29	24549	-16.91907	145.76268	56.5	27.05	29.45
29	25041	-16.91935	145.76292	113	54.09	58.91
29	40148	-16.91891	145.76321	56.5	27.05	29.45
29	900001	-16.91984	145.76333	113	54.09	58.91
29	900015	-16.91987	145.76366	56.5	27.05	29.45
29	24999	-16.9197	145.76406	113	54.09	58.91
29	28260	-16.9189	145.76495	56.5	27.05	29.45
29	65139	-16.91958	145.76568	113	54.09	58.91
29	900008	-16.91972	145.76511	56.5	27.05	29.45
29	11346	-16.92003	145.76454	113	54.09	58.91
29	26628	-16.92089	145.76428	56.5	27.05	29.45
29	26692	-16.92103	145.7644	113	54.09	58.91
29	27258	-16.92145	145.76476	56.5	27.05	29.45
29	10572	-16.92181	145.76482	113	54.09	58.91
29	11827	-16.9202	145.76456	56.5	27.05	29.45
29	14908	-16.92041	145.76474	113	54.09	58.91
29	25076	-16.92115	145.76525	56.5	27.05	29.45
29	14543	-16.92137	145.76537	113	54.09	58.91
29	7450	-16.91939	145.76392	56.5	27.05	29.45
29	5063	-16.91917	145.76374	113	54.09	58.91
29	900009	-16.91854	145.7632	56.5	27.05	29.45
29	64368	-16.9175	145.76215	113	54.09	58.91
29	51306	-16.91709	145.76165	56.5	27.05	29.45
29	64563	-16.91688	145.76133	56.5	27.05	29.45
29	45879	-16.91506	145.75961	113	54.09	58.91
29	46246	-16.91532	145.76009	56.5	27.05	29.45
29	47652	-16.9156	145.76058	113	54.09	58.91
29	49306	-16.91588	145.76107	56.5	27.05	29.45
29	51742	-16.91658	145.76228	113	54.09	58.91
29	53529	-16.91689	145.76281	56.5	27.05	29.45
29	55701	-16.91741	145.76315	113	54.09	58.91
29	1835	-16.91831	145.7639	56.5	27.05	29.45
29	67089	-16.91863	145.76443	113	54.09	58.91
29	14044	-16.91992	145.76536	56.5	27.05	29.45
29	58571	-16.92025	145.76576	113	54.09	58.91
29	21623	-16.92062	145.76595	56.5	27.05	29.45
29	900010	-16.92062	145.76626	113	54.09	58.91
36	36083	-16.92353	145.76051	135.2	67.72	67.48
36	36075	-16.92376	145.7607	67.6	33.86	33.74
36	49429	-16.92399	145.76087	135.2	67.72	67.48
36	38067	-16.92461	145.76146	67.6	33.86	33.74
36	8525	-16.92413	145.7614	135.2	67.72	67.48
36	54791	-16.92392	145.76119	67.6	33.86	33.74
36	44074	-16.92359	145.76091	135.2	67.72	67.48
36	554	-16.92289	145.76089	67.6	33.86	33.74
36	558	-16.92332	145.76125	135.2	67.72	67.48
36	562	-16.92376	145.76162	67.6	33.86	33.74
36	565	-16.92408	145.7619	135.2	67.72	67.48
36	569	-16.92382	145.762	67.6	33.86	33.74
36	573	-16.92339	145.76163	135.2	67.72	67.48
36	578	-16.92284	145.76117	67.6	33.86	33.74
36	594	-16.92257	145.76151	135.2	67.72	67.48
36	598	-16.92301	145.76188	67.6	33.86	33.74
36	604	-16.92366	145.76243	135.2	67.72	67.48
36	900019	-16.9234	145.76254	67.6	33.86	33.74
36	587	-16.92285	145.76207	135.2	67.72	67.48
36	591	-16.92242	145.7617	67.6	33.86	33.74
36	27249	-16.92175	145.76105	135.2	67.72	67.48
36	27152	-16.92122	145.76065	67.6	33.86	33.74
36	26613	-16.92077	145.76022	135.2	67.72	67.48
36	18226	-16.91574	145.75878	67.6	33.86	33.74
36	14871	-16.916	145.75822	135.2	67.72	67.48
36	11437	-16.91633	145.75782	67.6	33.86	33.74
36	20122	-16.91663	145.75788	135.2	67.72	67.48
36	20425	-16.91692	145.7581	67.6	33.86	33.74
36	441	-16.91739	145.75832	135.2	67.72	67.48
36	444	-16.91774	145.7587	67.6	33.86	33.74
36	498	-16.91852	145.75922	135.2	67.72	67.48
36	23229	-16.92018	145.76075	67.6	33.86	33.74
36	23634	-16.9205	145.76103	135.2	67.72	67.48
36	24190	-16.92131	145.76171	67.6	33.86	33.74
36	608	-16.92215	145.76237	135.2	67.72	67.48
36	612	-16.9225	145.76266	67.6	33.86	33.74
36	618	-16.92311	145.76316	135.2	67.72	67.48
36	669	-16.92164	145.76256	67.6	33.86	33.74
36	626	-16.92237	145.7633	135.2	67.72	67.48
36	634	-16.92273	145.76366	67.6	33.86	33.74
36	637	-16.92255	145.76388	135.2	67.72	67.48
36	656	-16.92221	145.76365	67.6	33.86	33.74
36	661	-16.92186	145.76335	135.2	67.72	67.48
36	665	-16.92158	145.76311	67.6	33.86	33.74
36	631	-16.92128	145.76296	135.2	67.72	67.48
36	17769	-16.92088	145.76196	67.6	33.86	33.74
36	50838	-16.92042	145.76157	135.2	67.72	67.48
36	35611	-16.92006	145.76126	67.6	33.86	33.74
36	459	-16.91978	145.76017	135.2	67.72	67.48
36	900022	-16.91943	145.7606	67.6	33.86	33.74
36	469	-16.91921	145.76089	135.2	67.72	67.48
36	473	-16.91897	145.76119	67.6	33.86	33.74
36	21365	-16.91931	145.76189	135.2	67.72	67.48
36	15264	-16.9197	145.76167	67.6	33.86	33.74
36	48839	-16.92004	145.76204	135.2	67.72	67.48
36	6511	-16.92036	145.76231	67.6	33.86	33.74
36	40150	-16.92079	145.76267	135.2	67.72	67.48
36	652	-16.92102	145.76336	67.6	33.86	33.74
36	647	-16.92137	145.76366	135.2	67.72	67.48
36	548	-16.92159	145.76385	67.6	33.86	33.74
36	643	-16.92186	145.76408	135.2	67.72	67.48
36	900000	-16.92229	145.76444	67.6	33.86	33.74
36	24096	-16.92041	145.76284	135.2	67.72	67.48
36	23638	-16.91988	145.76239	67.6	33.86	33.74
36	23223	-16.91942	145.762	135.2	67.72	67.48
36	475	-16.91881	145.76159	67.6	33.86	33.74
36	481	-16.91847	145.76119	135.2	67.72	67.48
36	484	-16.91872	145.76084	67.6	33.86	33.74
36	487	-16.91889	145.76062	135.2	67.72	67.48
36	491	-16.91912	145.76033	67.6	33.86	33.74
36	495	-16.91935	145.76004	135.2	67.72	67.48
36	502	-16.91894	145.75958	67.6	33.86	33.74
36	506	-16.91872	145.75987	135.2	67.72	67.48
36	510	-16.91837	145.7603	67.6	33.86	33.74
36	514	-16.91814	145.76059	135.2	67.72	67.48
36	519	-16.91782	145.76032	67.6	33.86	33.74
36	523	-16.91806	145.76003	135.2	67.72	67.48
36	435	-16.91749	145.75932	67.6	33.86	33.74
36	454	-16.91737	145.75911	135.2	67.72	67.48
36	900017	-16.91667	145.75872	67.6	33.86	33.74
36	31873	-16.91631	145.75834	135.2	67.72	67.48
36	31195	-16.91594	145.75864	67.6	33.86	33.74
36	900018	-16.91622	145.75896	135.2	67.72	67.48
36	900016	-16.91676	145.75924	67.6	33.86	33.74
36	412	-16.91704	145.75957	135.2	67.72	67.48
36	456	-16.91722	145.75978	67.6	33.86	33.74
36	448	-16.91644	145.7597	135.2	67.72	67.48
36	428	-16.91635	145.75918	67.6	33.86	33.74
36	431	-16.91608	145.75932	135.2	67.72	67.48
36	434	-16.91579	145.75911	67.6	33.86	33.74
36	47457	-16.91626	145.76032	135.2	67.72	67.48
36	21119	-16.91725	145.76096	67.6	33.86	33.74
36	23633	-16.91764	145.76157	135.2	67.72	67.48
36	24091	-16.91802	145.76203	67.6	33.86	33.74
36	15124	-16.91824	145.76215	135.2	67.72	67.48
36	24176	-16.91888	145.76239	67.6	33.86	33.74
36	24663	-16.91928	145.76286	135.2	67.72	67.48
36	13446	-16.91903	145.76306	67.6	33.86	33.74
36	4500	-16.91893	145.7634	135.2	67.72	67.48
36	58590	-16.91937	145.7636	67.6	33.86	33.74
36	25117	-16.9197	145.76321	135.2	67.72	67.48
36	25599	-16.91991	145.76339	67.6	33.86	33.74
36	20796	-16.91981	145.76373	135.2	67.72	67.48
36	10223	-16.91958	145.76421	67.6	33.86	33.74
36	33645	-16.91956	145.76521	135.2	67.72	67.48
36	900008	-16.91972	145.76511	67.6	33.86	33.74
36	11346	-16.92003	145.76454	135.2	67.72	67.48
36	26185	-16.92067	145.7641	67.6	33.86	33.74
36	26646	-16.92096	145.76434	135.2	67.72	67.48
36	27156	-16.92124	145.76444	67.6	33.86	33.74
36	27707	-16.92152	145.76482	135.2	67.72	67.48
36	36629	-16.92062	145.76477	67.6	33.86	33.74
36	42686	-16.9208	145.76492	135.2	67.72	67.48
36	14543	-16.92137	145.76537	67.6	33.86	33.74
36	26481	-16.92111	145.76552	135.2	67.72	67.48
36	19419	-16.92065	145.7651	67.6	33.86	33.74
36	900021	-16.91932	145.76386	135.2	67.72	67.48
36	4753	-16.9191	145.76368	67.6	33.86	33.74
36	900009	-16.91854	145.7632	135.2	67.72	67.48
36	56118	-16.91795	145.7627	67.6	33.86	33.74
36	53221	-16.91729	145.76195	135.2	67.72	67.48
36	51193	-16.91704	145.76157	67.6	33.86	33.74
36	45946	-16.91511	145.75972	135.2	67.72	67.48
36	47419	-16.91539	145.76021	67.6	33.86	33.74
36	47839	-16.91567	145.7607	135.2	67.72	67.48
36	49400	-16.91595	145.76119	67.6	33.86	33.74
36	53139	-16.91665	145.7624	135.2	67.72	67.48
36	53808	-16.91703	145.76291	67.6	33.86	33.74
36	55701	-16.91741	145.76315	135.2	67.72	67.48
36	2050	-16.91828	145.76415	67.6	33.86	33.74
36	7310	-16.91905	145.76455	135.2	67.72	67.48
36	15531	-16.92015	145.76543	67.6	33.86	33.74
36	900020	-16.92025	145.76602	135.2	67.72	67.48
36	19285	-16.92042	145.76578	67.6	33.86	33.74
36	19285	-16.92042	145.76578	135.2	67.72	67.48
36	21633	-16.92056	145.76633	67.6	33.86	33.74
43	36081	-16.92359	145.76055	137.8	74.67	63.13
43	49424	-16.92369	145.761	68.9	37.34	31.56
43	58491	-16.92446	145.76164	137.8	74.67	63.13
43	8423	-16.92429	145.7612	68.9	37.34	31.56
43	49427	-16.92387	145.76077	137.8	74.67	63.13
43	900006	-16.92348	145.76082	68.9	37.34	31.56
43	554	-16.92289	145.76089	137.8	74.67	63.13
43	557	-16.92321	145.76116	68.9	37.34	31.56
43	561	-16.92365	145.76153	137.8	74.67	63.13
43	564	-16.92397	145.7618	68.9	37.34	31.56
43	568	-16.92393	145.76209	137.8	74.67	63.13
43	572	-16.92349	145.76172	68.9	37.34	31.56
43	576	-16.92306	145.76135	137.8	74.67	63.13
43	594	-16.92257	145.76151	68.9	37.34	31.56
43	597	-16.9229	145.76179	137.8	74.67	63.13
43	579	-16.92376	145.76253	68.9	37.34	31.56
43	581	-16.9235	145.76263	137.8	74.67	63.13
43	585	-16.92307	145.76226	68.9	37.34	31.56
43	589	-16.92264	145.76189	137.8	74.67	63.13
43	27230	-16.92165	145.76096	68.9	37.34	31.56
43	26637	-16.921	145.76041	137.8	74.67	63.13
43	26194	-16.92066	145.76012	68.9	37.34	31.56
43	15921	-16.91579	145.7587	137.8	74.67	63.13
43	14455	-16.91611	145.75807	68.9	37.34	31.56
43	11105	-16.9164	145.75772	137.8	74.67	63.13
43	20134	-16.9167	145.75793	68.9	37.34	31.56
43	20497	-16.91709	145.7581	137.8	74.67	63.13
43	443	-16.91752	145.75854	68.9	37.34	31.56
43	445	-16.91786	145.75879	137.8	74.67	63.13
43	498	-16.91852	145.75922	68.9	37.34	31.56
43	900014	-16.92029	145.76087	137.8	74.67	63.13
43	66122	-16.92071	145.76121	68.9	37.34	31.56
43	24180	-16.92117	145.7616	137.8	74.67	63.13
43	24542	-16.92151	145.76176	68.9	37.34	31.56
43	610	-16.92233	145.76252	137.8	74.67	63.13
43	617	-16.92319	145.76307	68.9	37.34	31.56
43	620	-16.92269	145.76295	137.8	74.67	63.13
43	900025	-16.92192	145.76229	68.9	37.34	31.56
43	632	-16.92157	145.76273	137.8	74.67	63.13
43	670	-16.92185	145.76281	68.9	37.34	31.56
43	628	-16.92251	145.76341	137.8	74.67	63.13
43	633	-16.92278	145.76359	68.9	37.34	31.56
43	673	-16.92247	145.76399	137.8	74.67	63.13
43	657	-16.92214	145.76359	68.9	37.34	31.56
43	662	-16.92179	145.76329	137.8	74.67	63.13
43	666	-16.92151	145.76305	68.9	37.34	31.56
43	66735	-16.92074	145.76184	137.8	74.67	63.13
43	54980	-16.92049	145.76163	68.9	37.34	31.56
43	33582	-16.91999	145.7612	137.8	74.67	63.13
43	463	-16.91955	145.76046	68.9	37.34	31.56
43	467	-16.91932	145.76075	137.8	74.67	63.13
43	472	-16.91903	145.76111	68.9	37.34	31.56
43	15266	-16.91962	145.7616	68.9	37.34	31.56
43	38931	-16.91983	145.76186	137.8	74.67	63.13
43	52826	-16.92011	145.7621	68.9	37.34	31.56
43	22955	-16.92065	145.76255	137.8	74.67	63.13
43	651	-16.92109	145.76342	68.9	37.34	31.56
43	646	-16.92151	145.76378	68.9	37.34	31.56
43	675	-16.92201	145.76408	137.8	74.67	63.13
43	24110	-16.92056	145.76297	68.9	37.34	31.56
43	23705	-16.92021	145.76254	137.8	74.67	63.13
43	23612	-16.91974	145.76227	68.9	37.34	31.56
43	23223	-16.91942	145.762	137.8	74.67	63.13
43	480	-16.91854	145.76125	68.9	37.34	31.56
43	485	-16.91877	145.76077	137.8	74.67	63.13
43	489	-16.919	145.76048	68.9	37.34	31.56
43	493	-16.91923	145.76019	137.8	74.67	63.13
43	496	-16.9194	145.75997	68.9	37.34	31.56
43	503	-16.91889	145.75965	137.8	74.67	63.13
43	507	-16.91866	145.75994	68.9	37.34	31.56
43	512	-16.91826	145.76045	137.8	74.67	63.13
43	517	-16.91776	145.76058	68.9	37.34	31.56
43	520	-16.91788	145.76025	137.8	74.67	63.13
43	524	-16.91811	145.75996	68.9	37.34	31.56
43	381	-16.91834	145.75952	137.8	74.67	63.13
43	420	-16.91798	145.75899	68.9	37.34	31.56
43	415	-16.91766	145.75944	137.8	74.67	63.13
43	900027	-16.91721	145.759	68.9	37.34	31.56
43	35627	-16.91646	145.75845	137.8	74.67	63.13
43	27619	-16.91616	145.75823	68.9	37.34	31.56
43	422	-16.916	145.7588	137.8	74.67	63.13
43	426	-16.91629	145.75902	68.9	37.34	31.56
43	409	-16.91682	145.7594	68.9	37.34	31.56
43	413	-16.91723	145.75958	137.8	74.67	63.13
43	440	-16.91728	145.75847	68.9	37.34	31.56
43	52494	-16.91677	145.75856	137.8	74.67	63.13
43	427	-16.91646	145.75903	137.8	74.67	63.13
43	430	-16.91614	145.75948	68.9	37.34	31.56
43	18746	-16.91571	145.75905	137.8	74.67	63.13
43	47540	-16.91633	145.76042	137.8	74.67	63.13
43	66175	-16.91749	145.76148	137.8	74.67	63.13
43	900030	-16.91793	145.76195	68.9	37.34	31.56
43	14660	-16.9183	145.76208	137.8	74.67	63.13
43	900029	-16.91801	145.76245	68.9	37.34	31.56
43	67312	-16.91856	145.76288	137.8	74.67	63.13
43	24188	-16.91893	145.76256	68.9	37.34	31.56
43	900031	-16.91921	145.7628	137.8	74.67	63.13
43	6508	-16.91909	145.76299	68.9	37.34	31.56
43	900028	-16.91882	145.76344	137.8	74.67	63.13
43	25117	-16.9197	145.76321	68.9	37.34	31.56
43	900032	-16.92006	145.76352	137.8	74.67	63.13
43	21693	-16.91975	145.76381	68.9	37.34	31.56
43	7606	-16.91906	145.76471	137.8	74.67	63.13
43	33645	-16.91956	145.76521	68.9	37.34	31.56
43	11886	-16.91965	145.76501	137.8	74.67	63.13
43	26196	-16.92074	145.76416	68.9	37.34	31.56
43	26702	-16.9211	145.76446	137.8	74.67	63.13
43	10572	-16.92181	145.76482	68.9	37.34	31.56
43	11827	-16.9202	145.76456	137.8	74.67	63.13
43	15446	-16.92048	145.7648	68.9	37.34	31.56
43	25076	-16.92115	145.76525	137.8	74.67	63.13
43	26481	-16.92111	145.76552	68.9	37.34	31.56
43	19419	-16.92065	145.7651	137.8	74.67	63.13
43	8200	-16.91953	145.76404	68.9	37.34	31.56
43	5063	-16.91917	145.76374	137.8	74.67	63.13
43	4099	-16.91864	145.76329	68.9	37.34	31.56
43	55468	-16.91761	145.76241	137.8	74.67	63.13
43	53343	-16.91735	145.76202	0	0	0
43	51193	-16.91704	145.76157	137.8	74.67	63.13
43	24373	-16.91709	145.76118	137.8	74.67	63.13
43	46003	-16.91518	145.75984	137.8	74.67	63.13
43	47501	-16.91546	145.76033	68.9	37.34	31.56
43	49216	-16.91581	145.76094	137.8	74.67	63.13
43	51143	-16.91607	145.76146	68.9	37.34	31.56
43	51742	-16.91658	145.76228	137.8	74.67	63.13
43	55377	-16.91715	145.76301	68.9	37.34	31.56
43	1829	-16.91818	145.76375	137.8	74.67	63.13
43	2530	-16.91848	145.76416	68.9	37.34	31.56
43	14677	-16.91999	145.76542	137.8	74.67	63.13
43	40128	-16.92004	145.76558	68.9	37.34	31.56
43	58571	-16.92025	145.76576	137.8	74.67	63.13
43	19939	-16.92049	145.76584	68.9	37.34	31.56
43	19948	-16.92071	145.76621	137.8	74.67	63.13
43	23970	-16.9205	145.7664	68.9	37.34	31.56
50	36085	-16.92348	145.76057	127.8	68.59	59.21
50	36077	-16.92371	145.76065	63.9	34.3	29.6
50	38003	-16.9245	145.76136	127.8	68.59	59.21
50	900007	-16.92432	145.76137	63.9	34.3	29.6
50	49437	-16.92381	145.76111	127.8	68.59	59.21
50	900006	-16.92348	145.76082	127.8	68.59	59.21
50	555	-16.923	145.76097	63.9	34.3	29.6
50	559	-16.92343	145.76134	127.8	68.59	59.21
50	563	-16.92386	145.76171	63.9	34.3	29.6
50	566	-16.92418	145.76199	127.8	68.59	59.21
50	571	-16.9236	145.76181	63.9	34.3	29.6
50	575	-16.92317	145.76144	127.8	68.59	59.21
50	567	-16.92274	145.76108	63.9	34.3	29.6
50	596	-16.92279	145.76169	127.8	68.59	59.21
50	600	-16.92322	145.76206	63.9	34.3	29.6
50	583	-16.92329	145.76244	127.8	68.59	59.21
50	586	-16.92296	145.76217	63.9	34.3	29.6
50	590	-16.92253	145.7618	127.8	68.59	59.21
50	27703	-16.92186	145.76114	63.9	34.3	29.6
50	27168	-16.92144	145.76078	127.8	68.59	59.21
50	26625	-16.92089	145.76031	63.9	34.3	29.6
50	26194	-16.92066	145.76012	127.8	68.59	59.21
50	445	-16.91786	145.75879	63.9	34.3	29.6
50	421	-16.91809	145.75884	127.8	68.59	59.21
50	501	-16.919	145.75951	63.9	34.3	29.6
50	497	-16.91946	145.7599	127.8	68.59	59.21
50	900014	-16.92032	145.76075	63.9	34.3	29.6
50	66093	-16.92098	145.76157	127.8	68.59	59.21
50	607	-16.92203	145.76215	63.9	34.3	29.6
50	611	-16.92241	145.76259	127.8	68.59	59.21
50	617	-16.92319	145.76307	63.9	34.3	29.6
50	619	-16.92303	145.76327	127.8	68.59	59.21
50	620	-16.92269	145.76295	63.9	34.3	29.6
50	613	-16.92258	145.76273	127.8	68.59	59.21
50	609	-16.92224	145.76244	63.9	34.3	29.6
50	14069	-16.92125	145.76209	127.8	68.59	59.21
50	670	-16.92185	145.76281	63.9	34.3	29.6
50	626	-16.92237	145.7633	127.8	68.59	59.21
50	629	-16.92258	145.76347	63.9	34.3	29.6
50	635	-16.92267	145.76373	127.8	68.59	59.21
50	654	-16.92235	145.76377	63.9	34.3	29.6
50	660	-16.92193	145.76341	127.8	68.59	59.21
50	664	-16.92165	145.76317	63.9	34.3	29.6
50	668	-16.9214	145.76281	127.8	68.59	59.21
50	3841	-16.9206	145.76172	63.9	34.3	29.6
50	900011	-16.92035	145.76151	127.8	68.59	59.21
50	65891	-16.91991	145.76108	63.9	34.3	29.6
50	463	-16.91955	145.76046	127.8	68.59	59.21
50	466	-16.91938	145.76068	63.9	34.3	29.6
50	471	-16.91909	145.76104	127.8	68.59	59.21
50	476	-16.91893	145.76144	63.9	34.3	29.6
50	21367	-16.91924	145.76197	127.8	68.59	59.21
50	900003	-16.91949	145.76176	63.9	34.3	29.6
50	900012	-16.91997	145.76198	127.8	68.59	59.21
50	64294	-16.92018	145.76224	63.9	34.3	29.6
50	671	-16.92151	145.76363	127.8	68.59	59.21
50	900000	-16.92229	145.76444	127.8	68.59	59.21
50	674	-16.92189	145.76423	63.9	34.3	29.6
50	644	-16.92179	145.76402	63.9	34.3	29.6
50	900002	-16.92123	145.76354	63.9	34.3	29.6
50	653	-16.92095	145.7633	127.8	68.59	59.21
50	23704	-16.92018	145.76249	127.8	68.59	59.21
50	23626	-16.91981	145.76233	63.9	34.3	29.6
50	480	-16.91854	145.76125	127.8	68.59	59.21
50	483	-16.91833	145.76107	63.9	34.3	29.6
50	486	-16.91883	145.76069	127.8	68.59	59.21
50	490	-16.91906	145.7604	63.9	34.3	29.6
50	494	-16.91929	145.76012	127.8	68.59	59.21
50	504	-16.91883	145.75973	63.9	34.3	29.6
50	508	-16.9186	145.76001	127.8	68.59	59.21
50	511	-16.91832	145.76037	63.9	34.3	29.6
50	362	-16.91807	145.76078	127.8	68.59	59.21
50	399	-16.91758	145.76042	63.9	34.3	29.6
50	522	-16.918	145.7601	127.8	68.59	59.21
50	900005	-16.91828	145.75974	63.9	34.3	29.6
50	23228	-16.91731	145.76123	127.8	68.59	59.21
50	23694	-16.91776	145.76169	63.9	34.3	29.6
50	13934	-16.91838	145.76197	127.8	68.59	59.21
50	900004	-16.91812	145.7623	63.9	34.3	29.6
50	67313	-16.91856	145.76288	127.8	68.59	59.21
50	19589	-16.91877	145.76254	63.9	34.3	29.6
50	24549	-16.91907	145.76268	127.8	68.59	59.21
50	25041	-16.91935	145.76292	63.9	34.3	29.6
50	40148	-16.91891	145.76321	127.8	68.59	59.21
50	900001	-16.91984	145.76333	127.8	68.59	59.21
50	900015	-16.91987	145.76366	63.9	34.3	29.6
50	24999	-16.9197	145.76406	127.8	68.59	59.21
50	28260	-16.9189	145.76495	63.9	34.3	29.6
50	65139	-16.91958	145.76568	127.8	68.59	59.21
50	900008	-16.91972	145.76511	127.8	68.59	59.21
50	11346	-16.92003	145.76454	127.8	68.59	59.21
50	26628	-16.92089	145.76428	63.9	34.3	29.6
50	26692	-16.92103	145.7644	127.8	68.59	59.21
50	27258	-16.92145	145.76476	127.8	68.59	59.21
50	10572	-16.92181	145.76482	63.9	34.3	29.6
50	11827	-16.9202	145.76456	63.9	34.3	29.6
50	14908	-16.92041	145.76474	127.8	68.59	59.21
50	25076	-16.92115	145.76525	63.9	34.3	29.6
50	14543	-16.92137	145.76537	127.8	68.59	59.21
50	7450	-16.91939	145.76392	63.9	34.3	29.6
50	5063	-16.91917	145.76374	127.8	68.59	59.21
50	900009	-16.91854	145.7632	127.8	68.59	59.21
50	55468	-16.91761	145.76241	63.9	34.3	29.6
50	51306	-16.91709	145.76165	0	0	0
50	64563	-16.91688	145.76133	127.8	68.59	59.21
50	49306	-16.91588	145.76107	127.8	68.59	59.21
50	51742	-16.91658	145.76228	63.9	34.3	29.6
50	53529	-16.91689	145.76281	127.8	68.59	59.21
50	55701	-16.91741	145.76315	63.9	34.3	29.6
50	1835	-16.91831	145.7639	127.8	68.59	59.21
50	67089	-16.91863	145.76443	63.9	34.3	29.6
50	14044	-16.91992	145.76536	63.9	34.3	29.6
50	58571	-16.92025	145.76576	63.9	34.3	29.6
50	21623	-16.92062	145.76595	127.8	68.59	59.21
50	900010	-16.92062	145.76626	63.9	34.3	29.6
57	36083	-16.92353	145.76051	66.3	33.91	32.39
57	36075	-16.92376	145.7607	132.6	67.81	64.79
57	49429	-16.92399	145.76087	132.6	67.81	64.79
57	38067	-16.92461	145.76146	66.3	33.91	32.39
57	8525	-16.92413	145.7614	132.6	67.81	64.79
57	54791	-16.92392	145.76119	66.3	33.91	32.39
57	44074	-16.92359	145.76091	132.6	67.81	64.79
57	554	-16.92289	145.76089	66.3	33.91	32.39
57	558	-16.92332	145.76125	132.6	67.81	64.79
57	562	-16.92376	145.76162	66.3	33.91	32.39
57	565	-16.92408	145.7619	132.6	67.81	64.79
57	569	-16.92382	145.762	66.3	33.91	32.39
57	573	-16.92339	145.76163	132.6	67.81	64.79
57	578	-16.92284	145.76117	66.3	33.91	32.39
57	594	-16.92257	145.76151	132.6	67.81	64.79
57	598	-16.92301	145.76188	66.3	33.91	32.39
57	604	-16.92366	145.76243	132.6	67.81	64.79
57	900019	-16.9234	145.76254	66.3	33.91	32.39
57	587	-16.92285	145.76207	132.6	67.81	64.79
57	591	-16.92242	145.7617	66.3	33.91	32.39
57	27249	-16.92175	145.76105	132.6	67.81	64.79
57	27152	-16.92122	145.76065	66.3	33.91	32.39
57	26613	-16.92077	145.76022	132.6	67.81	64.79
57	498	-16.91852	145.75922	132.6	67.81	64.79
57	23229	-16.92018	145.76075	66.3	33.91	32.39
57	23634	-16.9205	145.76103	132.6	67.81	64.79
57	24190	-16.92131	145.76171	66.3	33.91	32.39
57	608	-16.92215	145.76237	132.6	67.81	64.79
57	612	-16.9225	145.76266	66.3	33.91	32.39
57	618	-16.92311	145.76316	132.6	67.81	64.79
57	669	-16.92164	145.76256	66.3	33.91	32.39
57	626	-16.92237	145.7633	132.6	67.81	64.79
57	634	-16.92273	145.76366	66.3	33.91	32.39
57	637	-16.92255	145.76388	132.6	67.81	64.79
57	656	-16.92221	145.76365	66.3	33.91	32.39
57	661	-16.92186	145.76335	132.6	67.81	64.79
57	665	-16.92158	145.76311	66.3	33.91	32.39
57	631	-16.92128	145.76296	132.6	67.81	64.79
57	17769	-16.92088	145.76196	66.3	33.91	32.39
57	50838	-16.92042	145.76157	132.6	67.81	64.79
57	35611	-16.92006	145.76126	66.3	33.91	32.39
57	459	-16.91978	145.76017	132.6	67.81	64.79
57	900022	-16.91943	145.7606	66.3	33.91	32.39
57	469	-16.91921	145.76089	132.6	67.81	64.79
57	473	-16.91897	145.76119	66.3	33.91	32.39
57	21365	-16.91931	145.76189	132.6	67.81	64.79
57	15264	-16.9197	145.76167	66.3	33.91	32.39
57	48839	-16.92004	145.76204	132.6	67.81	64.79
57	6511	-16.92036	145.76231	66.3	33.91	32.39
57	40150	-16.92079	145.76267	132.6	67.81	64.79
57	652	-16.92102	145.76336	66.3	33.91	32.39
57	647	-16.92137	145.76366	132.6	67.81	64.79
57	548	-16.92159	145.76385	66.3	33.91	32.39
57	643	-16.92186	145.76408	132.6	67.81	64.79
57	900000	-16.92229	145.76444	66.3	33.91	32.39
57	24096	-16.92041	145.76284	132.6	67.81	64.79
57	23638	-16.91988	145.76239	66.3	33.91	32.39
57	23223	-16.91942	145.762	132.6	67.81	64.79
57	475	-16.91881	145.76159	66.3	33.91	32.39
57	481	-16.91847	145.76119	132.6	67.81	64.79
57	484	-16.91872	145.76084	66.3	33.91	32.39
57	487	-16.91889	145.76062	132.6	67.81	64.79
57	491	-16.91912	145.76033	66.3	33.91	32.39
57	495	-16.91935	145.76004	132.6	67.81	64.79
57	502	-16.91894	145.75958	66.3	33.91	32.39
57	506	-16.91872	145.75987	132.6	67.81	64.79
57	510	-16.91837	145.7603	66.3	33.91	32.39
57	514	-16.91814	145.76059	132.6	67.81	64.79
57	519	-16.91782	145.76032	66.3	33.91	32.39
57	523	-16.91806	145.76003	132.6	67.81	64.79
57	49400	-16.91595	145.76119	132.6	67.81	64.79
57	53139	-16.91665	145.7624	66.3	33.91	32.39
57	53808	-16.91703	145.76291	132.6	67.81	64.79
57	21119	-16.91725	145.76096	66.3	33.91	32.39
57	23633	-16.91764	145.76157	132.6	67.81	64.79
57	24091	-16.91802	145.76203	66.3	33.91	32.39
57	15124	-16.91824	145.76215	132.6	67.81	64.79
57	24176	-16.91888	145.76239	66.3	33.91	32.39
57	24663	-16.91928	145.76286	132.6	67.81	64.79
57	13446	-16.91903	145.76306	66.3	33.91	32.39
57	4500	-16.91893	145.7634	132.6	67.81	64.79
57	58590	-16.91937	145.7636	66.3	33.91	32.39
57	25117	-16.9197	145.76321	132.6	67.81	64.79
57	25599	-16.91991	145.76339	66.3	33.91	32.39
57	20796	-16.91981	145.76373	132.6	67.81	64.79
57	10223	-16.91958	145.76421	66.3	33.91	32.39
57	33645	-16.91956	145.76521	132.6	67.81	64.79
57	900008	-16.91972	145.76511	66.3	33.91	32.39
57	11346	-16.92003	145.76454	132.6	67.81	64.79
57	26185	-16.92067	145.7641	66.3	33.91	32.39
57	26646	-16.92096	145.76434	132.6	67.81	64.79
57	27156	-16.92124	145.76444	66.3	33.91	32.39
57	27707	-16.92152	145.76482	132.6	67.81	64.79
57	36629	-16.92062	145.76477	66.3	33.91	32.39
57	42686	-16.9208	145.76492	132.6	67.81	64.79
57	14543	-16.92137	145.76537	66.3	33.91	32.39
57	26481	-16.92111	145.76552	132.6	67.81	64.79
57	19419	-16.92065	145.7651	66.3	33.91	32.39
57	900021	-16.91932	145.76386	132.6	67.81	64.79
57	4753	-16.9191	145.76368	66.3	33.91	32.39
57	900009	-16.91854	145.7632	132.6	67.81	64.79
57	56118	-16.91795	145.7627	66.3	33.91	32.39
57	53221	-16.91729	145.76195	132.6	67.81	64.79
57	51193	-16.91704	145.76157	132.6	67.81	64.79
57	55701	-16.91741	145.76315	66.3	33.91	32.39
57	2050	-16.91828	145.76415	132.6	67.81	64.79
57	7310	-16.91905	145.76455	66.3	33.91	32.39
57	15531	-16.92015	145.76543	132.6	67.81	64.79
57	900020	-16.92025	145.76602	66.3	33.91	32.39
57	19285	-16.92042	145.76578	132.6	67.81	64.79
57	66262	-16.9209	145.76608	66.3	33.91	32.39
64	36081	-16.92359	145.76055	145.6	73.22	72.38
64	49424	-16.92369	145.761	72.8	36.61	36.19
64	58491	-16.92446	145.76164	145.6	73.22	72.38
64	8423	-16.92429	145.7612	72.8	36.61	36.19
64	49427	-16.92387	145.76077	145.6	73.22	72.38
64	900006	-16.92348	145.76082	72.8	36.61	36.19
64	554	-16.92289	145.76089	145.6	73.22	72.38
64	557	-16.92321	145.76116	72.8	36.61	36.19
64	561	-16.92365	145.76153	145.6	73.22	72.38
64	564	-16.92397	145.7618	72.8	36.61	36.19
64	568	-16.92393	145.76209	145.6	73.22	72.38
64	572	-16.92349	145.76172	72.8	36.61	36.19
64	576	-16.92306	145.76135	145.6	73.22	72.38
64	594	-16.92257	145.76151	72.8	36.61	36.19
64	597	-16.9229	145.76179	145.6	73.22	72.38
64	579	-16.92376	145.76253	72.8	36.61	36.19
64	581	-16.9235	145.76263	145.6	73.22	72.38
64	585	-16.92307	145.76226	72.8	36.61	36.19
64	589	-16.92264	145.76189	145.6	73.22	72.38
64	27230	-16.92165	145.76096	72.8	36.61	36.19
64	26637	-16.921	145.76041	145.6	73.22	72.38
64	26194	-16.92066	145.76012	72.8	36.61	36.19
64	445	-16.91786	145.75879	145.6	73.22	72.38
64	498	-16.91852	145.75922	72.8	36.61	36.19
64	900014	-16.92029	145.76087	145.6	73.22	72.38
64	66122	-16.92071	145.76121	72.8	36.61	36.19
64	24180	-16.92117	145.7616	145.6	73.22	72.38
64	24542	-16.92151	145.76176	72.8	36.61	36.19
64	610	-16.92233	145.76252	145.6	73.22	72.38
64	617	-16.92319	145.76307	72.8	36.61	36.19
64	620	-16.92269	145.76295	145.6	73.22	72.38
64	900025	-16.92192	145.76229	72.8	36.61	36.19
64	632	-16.92157	145.76273	145.6	73.22	72.38
64	670	-16.92185	145.76281	72.8	36.61	36.19
64	628	-16.92251	145.76341	145.6	73.22	72.38
64	633	-16.92278	145.76359	72.8	36.61	36.19
64	673	-16.92247	145.76399	145.6	73.22	72.38
64	657	-16.92214	145.76359	72.8	36.61	36.19
64	662	-16.92179	145.76329	145.6	73.22	72.38
64	666	-16.92151	145.76305	72.8	36.61	36.19
64	66735	-16.92074	145.76184	145.6	73.22	72.38
64	54980	-16.92049	145.76163	72.8	36.61	36.19
64	33582	-16.91999	145.7612	145.6	73.22	72.38
64	463	-16.91955	145.76046	72.8	36.61	36.19
64	467	-16.91932	145.76075	145.6	73.22	72.38
64	472	-16.91903	145.76111	72.8	36.61	36.19
64	15266	-16.91962	145.7616	145.6	73.22	72.38
64	38931	-16.91983	145.76186	72.8	36.61	36.19
64	52826	-16.92011	145.7621	145.6	73.22	72.38
64	22955	-16.92065	145.76255	72.8	36.61	36.19
64	651	-16.92109	145.76342	145.6	73.22	72.38
64	646	-16.92151	145.76378	72.8	36.61	36.19
64	675	-16.92201	145.76408	145.6	73.22	72.38
64	24110	-16.92056	145.76297	72.8	36.61	36.19
64	23705	-16.92021	145.76254	145.6	73.22	72.38
64	23612	-16.91974	145.76227	72.8	36.61	36.19
64	23223	-16.91942	145.762	145.6	73.22	72.38
64	480	-16.91854	145.76125	72.8	36.61	36.19
64	485	-16.91877	145.76077	145.6	73.22	72.38
64	489	-16.919	145.76048	72.8	36.61	36.19
64	493	-16.91923	145.76019	145.6	73.22	72.38
64	496	-16.9194	145.75997	72.8	36.61	36.19
64	503	-16.91889	145.75965	145.6	73.22	72.38
64	507	-16.91866	145.75994	72.8	36.61	36.19
64	512	-16.91826	145.76045	145.6	73.22	72.38
64	517	-16.91776	145.76058	72.8	36.61	36.19
64	520	-16.91788	145.76025	145.6	73.22	72.38
64	524	-16.91811	145.75996	72.8	36.61	36.19
64	381	-16.91834	145.75952	145.6	73.22	72.38
64	420	-16.91798	145.75899	72.8	36.61	36.19
64	66175	-16.91749	145.76148	145.6	73.22	72.38
64	900030	-16.91793	145.76195	72.8	36.61	36.19
64	14660	-16.9183	145.76208	145.6	73.22	72.38
64	900029	-16.91801	145.76245	72.8	36.61	36.19
64	67312	-16.91856	145.76288	145.6	73.22	72.38
64	24188	-16.91893	145.76256	72.8	36.61	36.19
64	900031	-16.91921	145.7628	145.6	73.22	72.38
64	6508	-16.91909	145.76299	72.8	36.61	36.19
64	900028	-16.91882	145.76344	145.6	73.22	72.38
64	25117	-16.9197	145.76321	72.8	36.61	36.19
64	900032	-16.92006	145.76352	145.6	73.22	72.38
64	21693	-16.91975	145.76381	72.8	36.61	36.19
64	7606	-16.91906	145.76471	145.6	73.22	72.38
64	33645	-16.91956	145.76521	72.8	36.61	36.19
64	11886	-16.91965	145.76501	145.6	73.22	72.38
64	26196	-16.92074	145.76416	72.8	36.61	36.19
64	26702	-16.9211	145.76446	145.6	73.22	72.38
64	10572	-16.92181	145.76482	72.8	36.61	36.19
64	11827	-16.9202	145.76456	145.6	73.22	72.38
64	15446	-16.92048	145.7648	72.8	36.61	36.19
64	25076	-16.92115	145.76525	145.6	73.22	72.38
64	26481	-16.92111	145.76552	72.8	36.61	36.19
64	19419	-16.92065	145.7651	145.6	73.22	72.38
64	8200	-16.91953	145.76404	72.8	36.61	36.19
64	5063	-16.91917	145.76374	145.6	73.22	72.38
64	4099	-16.91864	145.76329	72.8	36.61	36.19
64	55468	-16.91761	145.76241	145.6	73.22	72.38
64	53097	-16.91724	145.76187	72.8	36.61	36.19
64	51193	-16.91704	145.76157	72.8	36.61	36.19
64	24373	-16.91709	145.76118	145.6	73.22	72.38
64	49216	-16.91581	145.76094	72.8	36.61	36.19
64	51143	-16.91607	145.76146	145.6	73.22	72.38
64	51742	-16.91658	145.76228	72.8	36.61	36.19
64	55377	-16.91715	145.76301	145.6	73.22	72.38
64	1829	-16.91818	145.76375	72.8	36.61	36.19
64	2530	-16.91848	145.76416	145.6	73.22	72.38
64	14677	-16.91999	145.76542	72.8	36.61	36.19
64	40128	-16.92004	145.76558	145.6	73.22	72.38
64	58571	-16.92025	145.76576	72.8	36.61	36.19
64	19939	-16.92049	145.76584	145.6	73.22	72.38
64	19948	-16.92071	145.76621	72.8	36.61	36.19
64	23970	-16.9205	145.7664	145.6	73.22	72.38
71	36085	-16.92348	145.76057	132.2	61.37	70.83
71	36077	-16.92371	145.76065	66.1	30.68	35.42
71	38003	-16.9245	145.76136	132.2	61.37	70.83
71	900007	-16.92432	145.76137	66.1	30.68	35.42
71	49437	-16.92381	145.76111	132.2	61.37	70.83
71	900006	-16.92348	145.76082	66.1	30.68	35.42
71	555	-16.923	145.76097	132.2	61.37	70.83
71	559	-16.92343	145.76134	66.1	30.68	35.42
71	563	-16.92386	145.76171	132.2	61.37	70.83
71	566	-16.92418	145.76199	66.1	30.68	35.42
71	571	-16.9236	145.76181	132.2	61.37	70.83
71	575	-16.92317	145.76144	66.1	30.68	35.42
71	567	-16.92274	145.76108	132.2	61.37	70.83
71	596	-16.92279	145.76169	66.1	30.68	35.42
71	600	-16.92322	145.76206	132.2	61.37	70.83
71	583	-16.92329	145.76244	66.1	30.68	35.42
71	586	-16.92296	145.76217	132.2	61.37	70.83
71	590	-16.92253	145.7618	66.1	30.68	35.42
71	27703	-16.92186	145.76114	132.2	61.37	70.83
71	27168	-16.92144	145.76078	66.1	30.68	35.42
71	26625	-16.92089	145.76031	132.2	61.37	70.83
71	26194	-16.92066	145.76012	66.1	30.68	35.42
71	18689	-16.91548	145.75899	132.2	61.37	70.83
71	15408	-16.91579	145.75853	66.1	30.68	35.42
71	13843	-16.91631	145.75805	132.2	61.37	70.83
71	20040	-16.91655	145.75782	66.1	30.68	35.42
71	20412	-16.91685	145.75804	132.2	61.37	70.83
71	20497	-16.91709	145.7581	66.1	30.68	35.42
71	442	-16.91744	145.75848	132.2	61.37	70.83
71	445	-16.91786	145.75879	66.1	30.68	35.42
71	421	-16.91809	145.75884	132.2	61.37	70.83
71	501	-16.919	145.75951	66.1	30.68	35.42
71	497	-16.91946	145.7599	132.2	61.37	70.83
71	900014	-16.92032	145.76075	66.1	30.68	35.42
71	66093	-16.92098	145.76157	132.2	61.37	70.83
71	607	-16.92203	145.76215	66.1	30.68	35.42
71	611	-16.92241	145.76259	66.1	30.68	35.42
71	617	-16.92319	145.76307	66.1	30.68	35.42
71	619	-16.92303	145.76327	132.2	61.37	70.83
71	620	-16.92269	145.76295	66.1	30.68	35.42
71	613	-16.92258	145.76273	132.2	61.37	70.83
71	609	-16.92224	145.76244	132.2	61.37	70.83
71	14069	-16.92125	145.76209	132.2	61.37	70.83
71	670	-16.92185	145.76281	66.1	30.68	35.42
71	626	-16.92237	145.7633	132.2	61.37	70.83
71	629	-16.92258	145.76347	66.1	30.68	35.42
71	635	-16.92267	145.76373	132.2	61.37	70.83
71	654	-16.92235	145.76377	66.1	30.68	35.42
71	660	-16.92193	145.76341	132.2	61.37	70.83
71	664	-16.92165	145.76317	66.1	30.68	35.42
71	668	-16.9214	145.76281	132.2	61.37	70.83
71	3841	-16.9206	145.76172	66.1	30.68	35.42
71	900011	-16.92035	145.76151	132.2	61.37	70.83
71	65891	-16.91991	145.76108	132.2	61.37	70.83
71	463	-16.91955	145.76046	132.2	61.37	70.83
71	466	-16.91938	145.76068	66.1	30.68	35.42
71	471	-16.91909	145.76104	132.2	61.37	70.83
71	476	-16.91893	145.76144	66.1	30.68	35.42
71	21367	-16.91924	145.76197	132.2	61.37	70.83
71	900003	-16.91949	145.76176	66.1	30.68	35.42
71	900012	-16.91997	145.76198	132.2	61.37	70.83
71	64294	-16.92018	145.76224	66.1	30.68	35.42
71	671	-16.92151	145.76363	132.2	61.37	70.83
71	900000	-16.92229	145.76444	132.2	61.37	70.83
71	674	-16.92189	145.76423	66.1	30.68	35.42
71	644	-16.92179	145.76402	66.1	30.68	35.42
71	900002	-16.92123	145.76354	66.1	30.68	35.42
71	653	-16.92095	145.7633	132.2	61.37	70.83
71	23704	-16.92018	145.76249	132.2	61.37	70.83
71	23626	-16.91981	145.76233	66.1	30.68	35.42
71	480	-16.91854	145.76125	132.2	61.37	70.83
71	483	-16.91833	145.76107	66.1	30.68	35.42
71	486	-16.91883	145.76069	132.2	61.37	70.83
71	490	-16.91906	145.7604	66.1	30.68	35.42
71	494	-16.91929	145.76012	132.2	61.37	70.83
71	504	-16.91883	145.75973	66.1	30.68	35.42
71	508	-16.9186	145.76001	132.2	61.37	70.83
71	511	-16.91832	145.76037	66.1	30.68	35.42
71	362	-16.91807	145.76078	132.2	61.37	70.83
71	399	-16.91758	145.76042	66.1	30.68	35.42
71	522	-16.918	145.7601	132.2	61.37	70.83
71	900005	-16.91828	145.75974	66.1	30.68	35.42
71	415	-16.91766	145.75944	132.2	61.37	70.83
71	900013	-16.91697	145.75893	66.1	30.68	35.42
71	414	-16.91743	145.75972	132.2	61.37	70.83
71	448	-16.91644	145.7597	66.1	30.68	35.42
71	544	-16.91724	145.75871	132.2	61.37	70.83
71	52494	-16.91677	145.75856	66.1	30.68	35.42
71	429	-16.91625	145.75933	132.2	61.37	70.83
71	432	-16.91594	145.75922	66.1	30.68	35.42
71	47457	-16.91626	145.76032	132.2	61.37	70.83
71	47540	-16.91633	145.76042	132.2	61.37	70.83
71	23228	-16.91731	145.76123	66.1	30.68	35.42
71	23694	-16.91776	145.76169	132.2	61.37	70.83
71	13934	-16.91838	145.76197	66.1	30.68	35.42
71	900004	-16.91812	145.7623	132.2	61.37	70.83
71	67313	-16.91856	145.76288	66.1	30.68	35.42
71	19589	-16.91877	145.76254	132.2	61.37	70.83
71	24549	-16.91907	145.76268	66.1	30.68	35.42
71	25041	-16.91935	145.76292	132.2	61.37	70.83
71	40148	-16.91891	145.76321	66.1	30.68	35.42
71	900001	-16.91984	145.76333	132.2	61.37	70.83
71	900015	-16.91987	145.76366	66.1	30.68	35.42
71	24999	-16.9197	145.76406	132.2	61.37	70.83
71	28260	-16.9189	145.76495	66.1	30.68	35.42
71	65139	-16.91958	145.76568	66.1	30.68	35.42
71	900008	-16.91972	145.76511	132.2	61.37	70.83
71	11346	-16.92003	145.76454	66.1	30.68	35.42
71	26628	-16.92089	145.76428	132.2	61.37	70.83
71	26692	-16.92103	145.7644	66.1	30.68	35.42
71	27258	-16.92145	145.76476	132.2	61.37	70.83
71	10572	-16.92181	145.76482	66.1	30.68	35.42
71	11827	-16.9202	145.76456	132.2	61.37	70.83
71	14908	-16.92041	145.76474	66.1	30.68	35.42
71	25076	-16.92115	145.76525	132.2	61.37	70.83
71	14543	-16.92137	145.76537	66.1	30.68	35.42
71	7450	-16.91939	145.76392	132.2	61.37	70.83
71	5063	-16.91917	145.76374	66.1	30.68	35.42
71	900009	-16.91854	145.7632	132.2	61.37	70.83
71	55468	-16.91761	145.76241	66.1	30.68	35.42
71	51306	-16.91709	145.76165	132.2	61.37	70.83
71	64563	-16.91688	145.76133	66.1	30.68	35.42
71	45879	-16.91506	145.75961	66.1	30.68	35.42
71	46246	-16.91532	145.76009	132.2	61.37	70.83
71	47652	-16.9156	145.76058	66.1	30.68	35.42
71	49306	-16.91588	145.76107	132.2	61.37	70.83
71	51742	-16.91658	145.76228	66.1	30.68	35.42
71	53529	-16.91689	145.76281	132.2	61.37	70.83
71	55701	-16.91741	145.76315	66.1	30.68	35.42
71	1835	-16.91831	145.7639	132.2	61.37	70.83
71	67089	-16.91863	145.76443	66.1	30.68	35.42
71	14044	-16.91992	145.76536	132.2	61.37	70.83
71	58571	-16.92025	145.76576	132.2	61.37	70.83
71	21623	-16.92062	145.76595	66.1	30.68	35.42
71	900010	-16.92062	145.76626	132.2	61.37	70.83
78	36083	-16.92353	145.76051	234.3	121.23	113.07
78	36075	-16.92376	145.7607	234.3	121.23	113.07
78	49429	-16.92399	145.76087	234.3	121.23	113.07
78	38067	-16.92461	145.76146	234.3	121.23	113.07
78	8525	-16.92413	145.7614	234.3	121.23	113.07
78	54791	-16.92392	145.76119	234.3	121.23	113.07
78	44074	-16.92359	145.76091	234.3	121.23	113.07
78	554	-16.92289	145.76089	234.3	121.23	113.07
78	558	-16.92332	145.76125	234.3	121.23	113.07
78	562	-16.92376	145.76162	234.3	121.23	113.07
78	565	-16.92408	145.7619	234.3	121.23	113.07
78	569	-16.92382	145.762	234.3	121.23	113.07
78	573	-16.92339	145.76163	234.3	121.23	113.07
78	578	-16.92284	145.76117	234.3	121.23	113.07
78	594	-16.92257	145.76151	234.3	121.23	113.07
78	598	-16.92301	145.76188	234.3	121.23	113.07
78	604	-16.92366	145.76243	234.3	121.23	113.07
78	900019	-16.9234	145.76254	234.3	121.23	113.07
78	587	-16.92285	145.76207	234.3	121.23	113.07
78	591	-16.92242	145.7617	234.3	121.23	113.07
78	27249	-16.92175	145.76105	234.3	121.23	113.07
78	27152	-16.92122	145.76065	234.3	121.23	113.07
78	26613	-16.92077	145.76022	234.3	121.23	113.07
78	18226	-16.91574	145.75878	234.3	121.23	113.07
78	14871	-16.916	145.75822	234.3	121.23	113.07
78	11437	-16.91633	145.75782	234.3	121.23	113.07
78	20122	-16.91663	145.75788	234.3	121.23	113.07
78	20425	-16.91692	145.7581	234.3	121.23	113.07
78	441	-16.91739	145.75832	234.3	121.23	113.07
78	444	-16.91774	145.7587	234.3	121.23	113.07
78	498	-16.91852	145.75922	234.3	121.23	113.07
78	23229	-16.92018	145.76075	234.3	121.23	113.07
78	23634	-16.9205	145.76103	234.3	121.23	113.07
78	24190	-16.92131	145.76171	234.3	121.23	113.07
78	608	-16.92215	145.76237	234.3	121.23	113.07
78	612	-16.9225	145.76266	234.3	121.23	113.07
78	618	-16.92311	145.76316	234.3	121.23	113.07
78	669	-16.92164	145.76256	234.3	121.23	113.07
78	626	-16.92237	145.7633	234.3	121.23	113.07
78	634	-16.92273	145.76366	234.3	121.23	113.07
78	637	-16.92255	145.76388	234.3	121.23	113.07
78	656	-16.92221	145.76365	234.3	121.23	113.07
78	661	-16.92186	145.76335	234.3	121.23	113.07
78	665	-16.92158	145.76311	234.3	121.23	113.07
78	631	-16.92128	145.76296	234.3	121.23	113.07
78	17769	-16.92088	145.76196	234.3	121.23	113.07
78	50838	-16.92042	145.76157	234.3	121.23	113.07
78	35611	-16.92006	145.76126	234.3	121.23	113.07
78	459	-16.91978	145.76017	234.3	121.23	113.07
78	900022	-16.91943	145.7606	234.3	121.23	113.07
78	469	-16.91921	145.76089	234.3	121.23	113.07
78	473	-16.91897	145.76119	234.3	121.23	113.07
78	21365	-16.91931	145.76189	234.3	121.23	113.07
78	15264	-16.9197	145.76167	234.3	121.23	113.07
78	48839	-16.92004	145.76204	234.3	121.23	113.07
78	6511	-16.92036	145.76231	234.3	121.23	113.07
78	40150	-16.92079	145.76267	234.3	121.23	113.07
78	652	-16.92102	145.76336	234.3	121.23	113.07
78	647	-16.92137	145.76366	234.3	121.23	113.07
78	548	-16.92159	145.76385	234.3	121.23	113.07
78	643	-16.92186	145.76408	234.3	121.23	113.07
78	900000	-16.92229	145.76444	234.3	121.23	113.07
78	24096	-16.92041	145.76284	234.3	121.23	113.07
78	23638	-16.91988	145.76239	234.3	121.23	113.07
78	23223	-16.91942	145.762	234.3	121.23	113.07
78	475	-16.91881	145.76159	234.3	121.23	113.07
78	481	-16.91847	145.76119	234.3	121.23	113.07
78	484	-16.91872	145.76084	234.3	121.23	113.07
78	487	-16.91889	145.76062	234.3	121.23	113.07
78	491	-16.91912	145.76033	234.3	121.23	113.07
78	495	-16.91935	145.76004	234.3	121.23	113.07
78	502	-16.91894	145.75958	234.3	121.23	113.07
78	506	-16.91872	145.75987	234.3	121.23	113.07
78	510	-16.91837	145.7603	234.3	121.23	113.07
78	514	-16.91814	145.76059	234.3	121.23	113.07
78	519	-16.91782	145.76032	234.3	121.23	113.07
78	523	-16.91806	145.76003	234.3	121.23	113.07
78	435	-16.91749	145.75932	234.3	121.23	113.07
78	454	-16.91737	145.75911	234.3	121.23	113.07
78	900017	-16.91667	145.75872	234.3	121.23	113.07
78	31873	-16.91631	145.75834	234.3	121.23	113.07
78	31195	-16.91594	145.75864	234.3	121.23	113.07
78	900018	-16.91622	145.75896	234.3	121.23	113.07
78	900016	-16.91676	145.75924	234.3	121.23	113.07
78	412	-16.91704	145.75957	234.3	121.23	113.07
78	456	-16.91722	145.75978	234.3	121.23	113.07
78	448	-16.91644	145.7597	234.3	121.23	113.07
78	428	-16.91635	145.75918	234.3	121.23	113.07
78	431	-16.91608	145.75932	234.3	121.23	113.07
78	434	-16.91579	145.75911	234.3	121.23	113.07
78	47457	-16.91626	145.76032	234.3	121.23	113.07
78	21119	-16.91725	145.76096	234.3	121.23	113.07
78	23633	-16.91764	145.76157	234.3	121.23	113.07
78	24091	-16.91802	145.76203	234.3	121.23	113.07
78	15124	-16.91824	145.76215	234.3	121.23	113.07
78	24176	-16.91888	145.76239	234.3	121.23	113.07
78	24663	-16.91928	145.76286	234.3	121.23	113.07
78	13446	-16.91903	145.76306	234.3	121.23	113.07
78	4500	-16.91893	145.7634	234.3	121.23	113.07
78	58590	-16.91937	145.7636	234.3	121.23	113.07
78	25117	-16.9197	145.76321	234.3	121.23	113.07
78	25599	-16.91991	145.76339	234.3	121.23	113.07
78	20796	-16.91981	145.76373	234.3	121.23	113.07
78	10223	-16.91958	145.76421	234.3	121.23	113.07
78	33645	-16.91956	145.76521	234.3	121.23	113.07
78	900008	-16.91972	145.76511	234.3	121.23	113.07
78	11346	-16.92003	145.76454	234.3	121.23	113.07
78	26185	-16.92067	145.7641	234.3	121.23	113.07
78	26646	-16.92096	145.76434	234.3	121.23	113.07
78	27156	-16.92124	145.76444	234.3	121.23	113.07
78	27707	-16.92152	145.76482	234.3	121.23	113.07
78	36629	-16.92062	145.76477	234.3	121.23	113.07
78	42686	-16.9208	145.76492	234.3	121.23	113.07
78	14543	-16.92137	145.76537	234.3	121.23	113.07
78	26481	-16.92111	145.76552	234.3	121.23	113.07
78	19419	-16.92065	145.7651	234.3	121.23	113.07
78	900021	-16.91932	145.76386	234.3	121.23	113.07
78	4753	-16.9191	145.76368	234.3	121.23	113.07
78	900009	-16.91854	145.7632	234.3	121.23	113.07
78	56118	-16.91795	145.7627	234.3	121.23	113.07
78	51193	-16.91704	145.76157	234.3	121.23	113.07
78	45946	-16.91511	145.75972	234.3	121.23	113.07
78	47419	-16.91539	145.76021	234.3	121.23	113.07
78	47839	-16.91567	145.7607	234.3	121.23	113.07
78	49400	-16.91595	145.76119	234.3	121.23	113.07
78	53139	-16.91665	145.7624	234.3	121.23	113.07
78	53808	-16.91703	145.76291	234.3	121.23	113.07
78	55701	-16.91741	145.76315	234.3	121.23	113.07
78	2050	-16.91828	145.76415	234.3	121.23	113.07
78	7310	-16.91905	145.76455	234.3	121.23	113.07
78	15531	-16.92015	145.76543	234.3	121.23	113.07
78	900020	-16.92025	145.76602	234.3	121.23	113.07
78	19285	-16.92042	145.76578	234.3	121.23	113.07
78	66262	-16.9209	145.76608	234.3	121.23	113.07
85	36081	-16.92359	145.76055	384	199.26	184.74
85	49424	-16.92369	145.761	384	199.26	184.74
85	58491	-16.92446	145.76164	384	199.26	184.74
85	8423	-16.92429	145.7612	384	199.26	184.74
85	49427	-16.92387	145.76077	384	199.26	184.74
85	900006	-16.92348	145.76082	384	199.26	184.74
85	554	-16.92289	145.76089	384	199.26	184.74
85	557	-16.92321	145.76116	384	199.26	184.74
85	561	-16.92365	145.76153	384	199.26	184.74
85	564	-16.92397	145.7618	384	199.26	184.74
85	568	-16.92393	145.76209	384	199.26	184.74
85	572	-16.92349	145.76172	384	199.26	184.74
85	576	-16.92306	145.76135	384	199.26	184.74
85	594	-16.92257	145.76151	384	199.26	184.74
85	597	-16.9229	145.76179	384	199.26	184.74
85	579	-16.92376	145.76253	384	199.26	184.74
85	581	-16.9235	145.76263	384	199.26	184.74
85	585	-16.92307	145.76226	384	199.26	184.74
85	589	-16.92264	145.76189	384	199.26	184.74
85	27230	-16.92165	145.76096	384	199.26	184.74
85	26637	-16.921	145.76041	384	199.26	184.74
85	26194	-16.92066	145.76012	384	199.26	184.74
85	15921	-16.91579	145.7587	384	199.26	184.74
85	14455	-16.91611	145.75807	384	199.26	184.74
85	11105	-16.9164	145.75772	384	199.26	184.74
85	20134	-16.9167	145.75793	384	199.26	184.74
85	20497	-16.91709	145.7581	384	199.26	184.74
85	443	-16.91752	145.75854	384	199.26	184.74
85	445	-16.91786	145.75879	384	199.26	184.74
85	498	-16.91852	145.75922	384	199.26	184.74
85	900014	-16.92029	145.76087	384	199.26	184.74
85	66122	-16.92071	145.76121	384	199.26	184.74
85	24180	-16.92117	145.7616	384	199.26	184.74
85	24542	-16.92151	145.76176	384	199.26	184.74
85	610	-16.92233	145.76252	384	199.26	184.74
85	617	-16.92319	145.76307	384	199.26	184.74
85	620	-16.92269	145.76295	384	199.26	184.74
85	900025	-16.92192	145.76229	384	199.26	184.74
85	632	-16.92157	145.76273	384	199.26	184.74
85	670	-16.92185	145.76281	384	199.26	184.74
85	628	-16.92251	145.76341	384	199.26	184.74
85	633	-16.92278	145.76359	384	199.26	184.74
85	673	-16.92247	145.76399	384	199.26	184.74
85	657	-16.92214	145.76359	384	199.26	184.74
85	662	-16.92179	145.76329	384	199.26	184.74
85	666	-16.92151	145.76305	384	199.26	184.74
85	66735	-16.92074	145.76184	384	199.26	184.74
85	54980	-16.92049	145.76163	384	199.26	184.74
85	33582	-16.91999	145.7612	384	199.26	184.74
85	463	-16.91955	145.76046	384	199.26	184.74
85	467	-16.91932	145.76075	384	199.26	184.74
85	472	-16.91903	145.76111	384	199.26	184.74
85	15266	-16.91962	145.7616	384	199.26	184.74
85	38931	-16.91983	145.76186	384	199.26	184.74
85	52826	-16.92011	145.7621	384	199.26	184.74
85	22955	-16.92065	145.76255	384	199.26	184.74
85	651	-16.92109	145.76342	384	199.26	184.74
85	646	-16.92151	145.76378	384	199.26	184.74
85	675	-16.92201	145.76408	384	199.26	184.74
85	24110	-16.92056	145.76297	384	199.26	184.74
85	23705	-16.92021	145.76254	384	199.26	184.74
85	23612	-16.91974	145.76227	384	199.26	184.74
85	23223	-16.91942	145.762	384	199.26	184.74
85	480	-16.91854	145.76125	384	199.26	184.74
85	485	-16.91877	145.76077	384	199.26	184.74
85	489	-16.919	145.76048	384	199.26	184.74
85	493	-16.91923	145.76019	384	199.26	184.74
85	496	-16.9194	145.75997	384	199.26	184.74
85	503	-16.91889	145.75965	384	199.26	184.74
85	507	-16.91866	145.75994	384	199.26	184.74
85	512	-16.91826	145.76045	384	199.26	184.74
85	517	-16.91776	145.76058	384	199.26	184.74
85	520	-16.91788	145.76025	384	199.26	184.74
85	524	-16.91811	145.75996	384	199.26	184.74
85	381	-16.91834	145.75952	384	199.26	184.74
85	420	-16.91798	145.75899	384	199.26	184.74
85	415	-16.91766	145.75944	384	199.26	184.74
85	900027	-16.91721	145.759	384	199.26	184.74
85	35627	-16.91646	145.75845	384	199.26	184.74
85	27619	-16.91616	145.75823	384	199.26	184.74
85	422	-16.916	145.7588	384	199.26	184.74
85	426	-16.91629	145.75902	384	199.26	184.74
85	409	-16.91682	145.7594	384	199.26	184.74
85	413	-16.91723	145.75958	384	199.26	184.74
85	440	-16.91728	145.75847	384	199.26	184.74
85	52494	-16.91677	145.75856	384	199.26	184.74
85	427	-16.91646	145.75903	384	199.26	184.74
85	430	-16.91614	145.75948	384	199.26	184.74
85	18746	-16.91571	145.75905	384	199.26	184.74
85	47540	-16.91633	145.76042	384	199.26	184.74
85	66175	-16.91749	145.76148	384	199.26	184.74
85	900030	-16.91793	145.76195	384	199.26	184.74
85	14660	-16.9183	145.76208	384	199.26	184.74
85	900029	-16.91801	145.76245	384	199.26	184.74
85	67312	-16.91856	145.76288	384	199.26	184.74
85	24188	-16.91893	145.76256	384	199.26	184.74
85	900031	-16.91921	145.7628	384	199.26	184.74
85	6508	-16.91909	145.76299	384	199.26	184.74
85	900028	-16.91882	145.76344	384	199.26	184.74
85	25117	-16.9197	145.76321	384	199.26	184.74
85	900032	-16.92006	145.76352	384	199.26	184.74
85	21693	-16.91975	145.76381	384	199.26	184.74
85	7606	-16.91906	145.76471	384	199.26	184.74
85	33645	-16.91956	145.76521	384	199.26	184.74
85	11886	-16.91965	145.76501	384	199.26	184.74
85	26196	-16.92074	145.76416	384	199.26	184.74
85	26702	-16.9211	145.76446	384	199.26	184.74
85	10572	-16.92181	145.76482	384	199.26	184.74
85	11827	-16.9202	145.76456	384	199.26	184.74
85	15446	-16.92048	145.7648	384	199.26	184.74
85	25076	-16.92115	145.76525	384	199.26	184.74
85	26481	-16.92111	145.76552	384	199.26	184.74
85	19419	-16.92065	145.7651	384	199.26	184.74
85	8200	-16.91953	145.76404	384	199.26	184.74
85	5063	-16.91917	145.76374	384	199.26	184.74
85	4099	-16.91864	145.76329	384	199.26	184.74
85	55468	-16.91761	145.76241	384	199.26	184.74
85	53097	-16.91724	145.76187	384	199.26	184.74
85	51193	-16.91704	145.76157	384	199.26	184.74
85	24373	-16.91709	145.76118	384	199.26	184.74
85	46003	-16.91518	145.75984	384	199.26	184.74
85	47501	-16.91546	145.76033	384	199.26	184.74
85	49216	-16.91581	145.76094	384	199.26	184.74
85	51143	-16.91607	145.76146	384	199.26	184.74
85	51742	-16.91658	145.76228	384	199.26	184.74
85	55377	-16.91715	145.76301	384	199.26	184.74
85	1829	-16.91818	145.76375	384	199.26	184.74
85	2530	-16.91848	145.76416	384	199.26	184.74
85	14677	-16.91999	145.76542	384	199.26	184.74
85	40128	-16.92004	145.76558	384	199.26	184.74
85	58571	-16.92025	145.76576	384	199.26	184.74
85	19939	-16.92049	145.76584	384	199.26	184.74
85	19948	-16.92071	145.76621	384	199.26	184.74
85	23970	-16.9205	145.7664	384	199.26	184.74